1 2 3 4 5 6 7 8 9 10 11 12:18.129:0.159 6.315 1.209 -0.304 2.481 0.696 1.044 2.85 2.651 -0.295 0 0.125
1 2 3 4 5 6 7 8 9 10 11 12:13.508:0.554 -1.491 -1.444 -0.152 0.553 -0.372 1.759 4.282 0.076 0.543 -0.985 1.297
1 2 3 4 5 6 7 8 9 10 11 12:28.004:-0.175 2.575 2.475 0.992 4.058 -0.303 -1.024 10.628 3.22 -0.914 0.71 0.93
1 2 3 4 5 6 7 8 9 10 11 12:12.535:0.631 0.238 3.351 -0.907 0.132 1.087 0.176 -3.057 -1.287 0.937 -0.141 -0.591
1 2 3 4 5 6 7 8 9 10 11 12:14.783:0.656 -0.855 -2.623 -1.983 -1.254 1.383 0.489 0.113 -1.139 -1.652 -1.412 -1.224
1 2 3 4 5 6 7 8 9 10 11 12:36.551:0.6 1.312 -4.15 10.117 1.872 2.036 0.606 6.074 -0.156 -1.79 4.298 3.54
1 2 3 4 5 6 7 8 9 10 11 12:27.642:-1.366 1.791 -4.036 6.36 -1.903 -0.496 1.46 -2.333 1.628 -1.122 0.549 4.598
1 2 3 4 5 6 7 8 9 10 11 12:12.645:2.409 -1.716 -0.666 1.262 0.401 -0.333 -0.486 0.434 2.859 0.561 1.093 0.425
1 2 3 4 5 6 7 8 9 10 11 12:18.349:0.685 -0.17 -1.233 -1.378 -2.265 -0.143 -1.862 4.757 -0.392 -1.519 -2.838 -1.107
1 2 3 4 5 6 7 8 9 10 11 12:32.892:-3.358 -3.386 -3.405 -4.059 -2.795 1.122 -1.814 -3.715 -3.427 -0.909 -1.808 -3.094
1 2 3 4 5 6 7 8 9 10 11 12:35.409:1.124 2.569 1.77 5.062 5.75 1.399 2.495 7.503 0.761 2.168 3.399 1.409
1 2 3 4 5 6 7 8 9 10 11 12:19.255:2.335 1.047 -0.69 4.884 2.52 -0.788 0.833 2.592 0.83 -0.18 1.233 1.323
1 2 3 4 5 6 7 8 9 10 11 12:26.016:-0.767 0.015 -5.309 -3.965 -1.358 -1.153 0.309 -3.401 -2.306 -1.37 -3.518 -2.545
1 2 3 4 5 6 7 8 9 10 11 12:39.939:-1.829 -4.639 -7.807 -3.866 -3.869 -2.119 -3.42 -0.402 -3.516 -1.604 -3.086 -3.782
1 2 3 4 5 6 7 8 9 10 11 12:22.386:-1.332 2.157 -1.449 0.682 -2.797 1.337 0.796 -2.929 -4.942 -1.838 -1.158 -0.969
1 2 3 4 5 6 7 8 9 10 11 12:28.185:-3.617 -3.995 -1.89 0.271 -2.035 -3.64 -2.918 -0.52 -3.415 -1.655 -2.343 -1.886
1 2 3 4 5 6 7 8 9 10 11 12:36.394:2.01 6.107 2.453 -9.858 2.579 -2.706 1.13 0.209 -2.14 -2.372 -2.399 2.431
1 2 3 4 5 6 7 8 9 10 11 12:17.993:0.31 -1.163 -0.546 1.948 0.978 1.389 1.656 -1.461 5.42 -0.575 2.458 -0.089
1 2 3 4 5 6 7 8 9 10 11 12:91.887:7.915 7.007 4.46 8.597 6.777 6.203 12.439 -1.271 14.715 5.169 7.196 10.138
1 2 3 4 5 6 7 8 9 10 11 12:35.252:2.033 0.684 4.981 1.015 3.951 5.675 2.244 2.361 0.52 3.319 1.259 7.21
1 2 3 4 5 6 7 8 9 10 11 12:25.510:0.187 2.744 1.031 3.282 1.682 0.913 0.81 -0.105 7.472 -0.489 5.939 0.856
1 2 3 4 5 6 7 8 9 10 11 12:33.749:0.256 1.254 1.181 6.355 4.596 -0.051 0.627 3.778 -1.583 3.283 5.085 5.7
1 2 3 4 5 6 7 8 9 10 11 12:34.234:1.756 -3.149 -5.001 0.976 -2.519 1.499 -1.932 -2.022 -0.664 3.643 -0.372 10.701
1 2 3 4 5 6 7 8 9 10 11 12:23.493:5.139 2.3 0.334 -2.234 -0.421 0.479 2.516 1.445 0.976 -1.289 -5.355 1.005
1 2 3 4 5 6 7 8 9 10 11 12:12.997:3.003 0.863 -0.711 -0.926 0.121 0.411 0.596 1.729 -0.898 -0.409 2.763 -0.567
1 2 3 4 5 6 7 8 9 10 11 12:11.283:3.352 -1.037 0.883 -0.623 -0.121 -1.867 -0.189 1.1 -0.292 0.149 1.024 -0.646
1 2 3 4 5 6 7 8 9 10 11 12:15.050:2.448 0.721 0.438 -3.137 0.664 -0.594 -0.237 3.956 -0.088 0.458 -1.774 -0.535
1 2 3 4 5 6 7 8 9 10 11 12:13.101:-2.363 1.392 1.458 1.49 -0.3 0.611 2.688 -0.856 0.538 -0.507 0.129 0.769
1 2 3 4 5 6 7 8 9 10 11 12:31.502:-0.7 5.81 0.726 1.532 2.465 2.19 4.069 3.839 2.939 1.789 1.933 3.51
1 2 3 4 5 6 7 8 9 10 11 12:12.686:0.106 -2.198 3.339 0.126 0.235 0.551 -2.344 -0.37 0.511 1.911 0 -0.995
1 2 3 4 5 6 7 8 9 10 11 12:28.080:0.489 -0.071 -1.082 5.65 1.522 -2.418 -0.577 4.638 -2.907 -1.732 4.425 2.569
1 2 3 4 5 6 7 8 9 10 11 12:34.215:3.342 -0.006 -0.532 13.666 0.115 -2.011 -1.482 3.014 1.105 -2.054 6.416 0.472
1 2 3 4 5 6 7 8 9 10 11 12:38.893:-2.274 -3.389 -2.43 -4.652 -3.859 -0.978 -3.196 7.401 2.147 -0.475 -4.323 -3.769
1 2 3 4 5 6 7 8 9 10 11 12:29.961:-3.078 -4.029 -3.069 -1.809 -4.194 0.578 -2.275 -1.442 -4.034 0.56 -2.378 -2.515
1 2 3 4 5 6 7 8 9 10 11 12:20.214:4.056 -0.486 -0.489 -3.015 1.626 -1.218 1.058 -0.163 2.483 -3.932 -0.122 1.566
1 2 3 4 5 6 7 8 9 10 11 12:41.481:6.065 4.672 3.028 1.727 4.246 5.055 4.024 3.909 2.07 2.042 1.951 2.692
1 2 3 4 5 6 7 8 9 10 11 12:19.262:-1.652 2.615 2.178 1.868 2.184 -0.065 -1.887 1.176 3.762 -0.994 0.598 0.283
1 2 3 4 5 6 7 8 9 10 11 12:47.291:-3.446 -5.748 0.818 -5.333 -3.466 -4.261 -4.968 -1.859 -4.274 -5.911 -2.973 -4.234
1 2 3 4 5 6 7 8 9 10 11 12:15.944:1.949 0.517 -1.984 -2.171 -0.598 1.425 1.773 0.158 0.485 3.654 0 1.23
1 2 3 4 5 6 7 8 9 10 11 12:6.838:0.265 0.371 2.009 -0.06 0.301 0.597 0.353 1.655 0.506 -0.041 0.49 -0.19
1 2 3 4 5 6 7 8 9 10 11 12:41.890:4.29 3.104 2.81 2.761 5.762 1.189 3.538 4.031 2.46 2.973 6.22 2.752
1 2 3 4 5 6 7 8 9 10 11 12:20.619:5.587 -2.275 0.704 0.234 2.951 -2.193 -1.796 1.639 -0.709 -0.095 0.115 -2.321
1 2 3 4 5 6 7 8 9 10 11 12:32.943:-0.576 -0.821 -3.092 -6.002 -3.693 -1.421 -1.82 -2.053 -4.767 1.307 -4.358 -3.033
1 2 3 4 5 6 7 8 9 10 11 12:11.159:0.267 1.717 1.602 0.682 -1.202 -0.686 -0.23 0.674 -2.082 -0.346 0.12 1.551
1 2 3 4 5 6 7 8 9 10 11 12:16.725:-2.492 0.289 -0.284 -1.108 -1.217 2.83 2.804 -0.892 0.643 3.294 -0.359 -0.513
1 2 3 4 5 6 7 8 9 10 11 12:8.984:1.679 2.052 -0.342 -0.374 1.232 -0.432 0.08 0.3 1.469 -0.758 -0.24 0.026
1 2 3 4 5 6 7 8 9 10 11 12:14.521:0.176 -1.334 -0.143 -3.313 -1.217 -0.244 -2.038 0.15 -1.654 -1.466 -1.084 -1.702
1 2 3 4 5 6 7 8 9 10 11 12:21.988:-5.329 -0.826 -2.806 1.939 -1.76 -1.501 -1.526 -2.539 1.565 -0.853 -0.609 0.735
1 2 3 4 5 6 7 8 9 10 11 12:14.954:3.492 -0.893 0.029 0 -0.179 -1.079 -1.417 -2.835 -0.38 -0.805 -2.451 -1.394
1 2 3 4 5 6 7 8 9 10 11 12:32.984:-4.894 -1.335 -1.06 -5.073 -4.067 -1.111 -0.916 -3.943 -2.489 -1.831 -3.518 -2.747
1 2 3 4 5 6 7 8 9 10 11 12:18.498:-0.424 -1.257 0.536 -3.874 -3.055 -0.291 -1.849 -2.463 -0.61 -2.031 -1.823 -0.285
1 2 3 4 5 6 7 8 9 10 11 12:16.592:2.821 1.043 2.473 2.432 0.193 0.436 1.391 1.599 0.907 0.205 1.989 1.103
1 2 3 4 5 6 7 8 9 10 11 12:21.038:2.099 -1.384 1.893 -1.696 -0.963 -1.893 -2.25 -1.491 -4.324 -0.627 -1.3 -1.118
1 2 3 4 5 6 7 8 9 10 11 12:25.134:1.832 2.004 3.417 2.484 1.361 2.11 2.258 3.196 2.262 -0.549 2.108 1.553
1 2 3 4 5 6 7 8 9 10 11 12:35.104:-1.582 -3.306 -1.974 -3.3 -3.261 -1.423 -3.223 -4.238 -3.167 -1.666 -4.516 -3.448
1 2 3 4 5 6 7 8 9 10 11 12:24.126:-6.128 -1.67 -2.098 -2.437 0.859 -1.045 0.714 -2.638 -0.094 -1.097 -4.054 -1.292
1 2 3 4 5 6 7 8 9 10 11 12:12.753:2.434 0.518 -1.243 0.999 0.59 1.91 1.225 0.874 -0.527 0.462 1.408 0.563
1 2 3 4 5 6 7 8 9 10 11 12:26.868:10.216 -0.315 -2.416 2.756 -1.238 3.856 2.23 0.953 0.871 0.788 0.417 0.812
1 2 3 4 5 6 7 8 9 10 11 12:22.257:-5.469 0.323 0.741 1.994 0 -3.487 -1.479 -4.206 -0.536 -1.611 1.245 1.166
1 2 3 4 5 6 7 8 9 10 11 12:32.866:3.261 2.112 3.694 2.023 4.156 -0.154 2.068 2.151 4.195 2.719 4.508 1.825
1 2 3 4 5 6 7 8 9 10 11 12:46.937:-3.108 -3.892 -4.783 -3.9 -3.23 -2.874 -3.951 -4.737 -5.889 -2.483 -3.399 -4.691
1 2 3 4 5 6 7 8 9 10 11 12:9.088:-0.44 -1.073 0.641 0.206 0.589 -0.645 -0.937 1.842 -1.078 0.517 0.271 -0.849
1 2 3 4 5 6 7 8 9 10 11 12:24.688:0.823 1.527 3.599 1.716 2.863 0.483 2.076 4.521 1.974 1.34 1.484 2.282
1 2 3 4 5 6 7 8 9 10 11 12:10.993:1.52 -0.966 1.515 -0.81 -1.581 -0.995 -0.164 -0.606 -1.126 -0.488 -0.399 -0.823
1 2 3 4 5 6 7 8 9 10 11 12:19.419:-6.183 -1.966 1.098 0.68 -0.129 -0.771 -1.821 -2.872 -1.203 0.897 1.068 -0.731
1 2 3 4 5 6 7 8 9 10 11 12:88.031:-8.344 -4.879 -8.748 -10.676 -8.366 -3.847 -4.883 -9.409 -8.58 -3.154 -10.304 -6.841
1 2 3 4 5 6 7 8 9 10 11 12:44.463:0.399 3.996 1.328 4.236 8.146 2.436 4.094 6.924 3.908 1.914 3.387 3.695
1 2 3 4 5 6 7 8 9 10 11 12:19.116:-2.345 1.188 -1.717 -0.871 -1.494 2.124 2.604 -2.96 -2.171 -0.146 -0.997 0.499
1 2 3 4 5 6 7 8 9 10 11 12:11.142:2.05 0.052 -1.088 -1.391 0.725 -0.101 -1.434 2.288 0.536 -0.516 0.144 -0.817
1 2 3 4 5 6 7 8 9 10 11 12:47.828:-5.686 -3.146 -5.501 -5.271 -5.825 -1.137 -1.27 -5.499 -3.587 -3.591 -4.741 -2.574
1 2 3 4 5 6 7 8 9 10 11 12:11.124:2.504 0.555 1.394 -0.862 0.208 -1.487 -0.116 -0.099 1.563 -0.179 1.659 -0.498
1 2 3 4 5 6 7 8 9 10 11 12:20.124:5.105 1.066 0.113 -0.316 -0.485 2.235 3.595 1.086 -1.101 2.259 0.593 2.17
1 2 3 4 5 6 7 8 9 10 11 12:10.056:-1.732 1.92 1.276 -0.159 0.418 -0.587 -1.597 -0.195 1.711 -0.107 0.295 -0.059
1 2 3 4 5 6 7 8 9 10 11 12:23.124:-2.232 4.335 -0.096 0.953 2.637 -0.661 3.711 2.25 1.124 1.468 1.324 2.333
1 2 3 4 5 6 7 8 9 10 11 12:22.602:3.262 -0.128 1.836 2.754 1.623 2.413 1.294 2.105 2.664 -0.531 1.451 2.541
1 2 3 4 5 6 7 8 9 10 11 12:39.712:5.802 1.229 3.01 3.752 3.593 2.648 3.775 2.437 5.037 3.494 2.003 2.932
1 2 3 4 5 6 7 8 9 10 11 12:11.532:-2.115 1.589 0.913 -1.328 -0.321 -0.349 0.016 0.274 1.354 -0.489 -1.683 -1.101
1 2 3 4 5 6 7 8 9 10 11 12:28.478:-10.689 -0.626 -0.528 -0.15 3.222 -4.033 -3.371 -0.182 -0.479 -2.985 -0.571 -1.642
1 2 3 4 5 6 7 8 9 10 11 12:20.957:-7.99 -1.7 -3.306 -0.15 -0.312 0.152 -0.624 -1.28 -2.284 -1.335 -1.004 -0.82
1 2 3 4 5 6 7 8 9 10 11 12:23.331:-0.926 -0.342 -0.376 5.626 -0.501 -1.845 -0.871 3.241 -0.378 0.417 8.551 0.257
1 2 3 4 5 6 7 8 9 10 11 12:20.198:2.901 2.406 -2.015 2.77 0.755 1.026 1.902 0.807 2.307 2.199 0 1.11
1 2 3 4 5 6 7 8 9 10 11 12:17.920:1.582 -0.202 -5.301 -2.35 -1.811 -0.121 0.896 1.157 -0.666 0.988 -2.804 0.042
1 2 3 4 5 6 7 8 9 10 11 12:8.403:-2.936 0.14 0.882 -0.142 -1.209 0.989 -0.181 -0.176 0.135 -0.442 -0.412 0.759
1 2 3 4 5 6 7 8 9 10 11 12:19.463:1.927 -0.209 -0.471 4.111 2.447 0.36 1.013 -2.467 2.073 1.629 -1.793 0.963
1 2 3 4 5 6 7 8 9 10 11 12:17.901:2.429 -1.105 -1.689 0.817 2.828 -1.148 -0.554 1.626 0.365 -2.979 -1.545 0.816
1 2 3 4 5 6 7 8 9 10 11 12:26.342:-1.547 -2.269 -0.962 4.524 -0.244 -0.289 -2.476 -1.867 -3.394 -2.085 5.849 0.836
1 2 3 4 5 6 7 8 9 10 11 12:20.621:-0.838 -0.911 -2.638 -4.393 -2.39 -0.904 0.429 -1.812 -2.815 -0.71 -0.809 -1.972
1 2 3 4 5 6 7 8 9 10 11 12:41.303:-0.492 3.54 1.337 4.189 2.385 3.85 4.403 2.952 7.364 2.197 2.31 6.284
1 2 3 4 5 6 7 8 9 10 11 12:19.432:4.723 0.338 2.427 -0.454 3.433 2.531 1.539 0.448 1.892 0.628 -0.797 -0.222
1 2 3 4 5 6 7 8 9 10 11 12:10.917:-0.318 0.724 -0.567 -0.065 0.059 -1.253 -1.224 -0.892 -0.775 -1.399 -3.079 0.562
1 2 3 4 5 6 7 8 9 10 11 12:16.211:-2.375 -1.521 1.571 -0.261 -1.126 -1.742 -1.095 -0.72 0.879 -1.291 3.591 0.039
1 2 3 4 5 6 7 8 9 10 11 12:40.221:2.125 3.542 1.887 5.621 2.037 4.502 3.855 3.808 4.152 2.895 1.467 4.33
1 2 3 4 5 6 7 8 9 10 11 12:17.630:-0.214 1.402 -0.317 0.681 1.468 0.845 0.763 3.493 -1.107 -0.037 4.599 2.704
1 2 3 4 5 6 7 8 9 10 11 12:11.132:-1.492 -1.295 -1.54 -0.615 0.521 -2.053 0.456 -0.506 -1.08 -0.37 -1.131 0.073
1 2 3 4 5 6 7 8 9 10 11 12:5.707:-0.077 0.485 -0.68 -0.309 0.173 -0.128 0.338 -1.951 0.458 -0.563 -0.254 0.291
1 2 3 4 5 6 7 8 9 10 11 12:23.793:1.998 2.075 1.113 3.66 1.207 0.379 -0.038 0.173 0.841 2.103 7.389 2.817
1 2 3 4 5 6 7 8 9 10 11 12:15.719:1.34 -0.913 3.606 0.359 0.738 1.693 -1.012 2.245 1.306 1.28 0.474 -0.753
1 2 3 4 5 6 7 8 9 10 11 12:13.667:-0.693 0.968 0.458 -3.757 -1.635 0.537 2.648 -1.182 -0.686 0.428 0.118 0.557
1 2 3 4 5 6 7 8 9 10 11 12:14.057:0.055 -0.739 -1.48 -1.673 -1.719 -0.274 -1.909 -1.624 -0.291 -0.592 -1.769 1.932
1 2 3 4 5 6 7 8 9 10 11 12:26.563:2.093 -1.094 2.922 2.331 2.157 -0.509 -0.269 5.908 1.777 -0.774 5.642 1.087
1 2 3 4 5 6 7 8 9 10 11 12:12.304:-0.307 1.852 1.925 0.739 0.457 1.1 0.293 -0.492 -2.164 1.744 -0.682 0.549
1 2 3 4 5 6 7 8 9 10 11 12:9.863:-0.471 -1.146 -0.897 0.061 -0.17 -1.289 -1.161 -1.401 0.353 -0.165 -1.373 -1.376
1 2 3 4 5 6 7 8 9 10 11 12:12.832:2.01 1.22 1.636 1.283 -0.341 -0.073 0.856 1.003 1.575 0.204 -2.32 -0.311
1 2 3 4 5 6 7 8 9 10 11 12:14.152:-1.423 -0.632 -1.094 -1.327 -1.542 -1.12 -0.895 -1.738 -0.493 -1.176 -1.544 -1.168
1 2 3 4 5 6 7 8 9 10 11 12:12.176:-1.167 -1.286 0.316 0.061 -1.972 -0.185 -0.981 0.59 -1.627 -0.594 -2.051 -1.346
1 2 3 4 5 6 7 8 9 10 11 12:20.142:-0.325 1.018 0.882 3.543 2.308 0.051 0.676 1.089 2.073 0.934 4.68 2.563
1 2 3 4 5 6 7 8 9 10 11 12:11.720:5.39 -0.779 -0.281 -0.354 -0.463 0.358 -0.734 -0.497 -0.903 -0.289 -1.059 -0.613
1 2 3 4 5 6 7 8 9 10 11 12:11.324:2.289 -0.298 -0.798 0.592 -0.872 -0.464 -0.087 -0.999 0.906 -1.466 2.378 0.175
1 2 3 4 5 6 7 8 9 10 11 12:10.845:-0.807 1.99 1.61 0.177 0.821 0.73 1.598 0.252 0.991 0.161 -1.51 -0.198
1 2 3 4 5 6 7 8 9 10 11 12:12.376:-1.965 -0.146 -0.326 -0.823 -1.221 -0.379 -0.806 -1.762 -2.006 -0.582 -1.533 -0.827
1 2 3 4 5 6 7 8 9 10 11 12:16.681:-1.365 -1.494 -0.623 -2.962 0.471 -1.246 -1.109 -1.281 -2.925 0.31 -1.557 -1.338
1 2 3 4 5 6 7 8 9 10 11 12:11.839:0.133 -0.311 -0.706 -2.076 -1.757 0.934 -0.411 -0.346 1.153 -0.317 -1.946 -1.749
1 2 3 4 5 6 7 8 9 10 11 12:24.440:2.505 0.441 7.737 2.743 1.789 0.601 0.135 1.476 1.221 0.659 3.474 1.659
1 2 3 4 5 6 7 8 9 10 11 12:7.858:-2.197 -0.027 0.293 -0.667 -0.879 -0.329 -0.063 -0.599 -0.739 -0.844 -0.959 -0.262
1 2 3 4 5 6 7 8 9 10 11 12:10.891:-1.272 -0.947 -2.63 0.55 0.236 0.115 -0.975 -0.602 -0.055 -1.161 2.3 0.048
1 2 3 4 5 6 7 8 9 10 11 12:10.109:-0.688 0.929 0.075 -1.762 0.059 1.397 1.497 -1.472 0.11 0.069 -1.657 -0.394
1 2 3 4 5 6 7 8 9 10 11 12:21.275:2.518 3.003 -0.12 3.278 1.061 0.588 2.358 2.373 1.224 -0.167 1.805 2.78
1 2 3 4 5 6 7 8 9 10 11 12:19.048:1.435 0.138 4.114 5.15 1.866 -0.446 0.2 -2.232 -0.395 -0.112 2.482 -0.478
1 2 3 4 5 6 7 8 9 10 11 12:17.282:2.555 -1.371 -3.144 -0.797 -0.973 -0.418 -1.569 -1.932 0.917 -1.569 -0.807 -1.23
1 2 3 4 5 6 7 8 9 10 11 12:15.075:-3.847 -0.485 -1.653 -1.378 0.694 -0.276 -1.437 -2.954 -0.177 0 -1.628 -0.546
1 2 3 4 5 6 7 8 9 10 11 12:6.763:-1.274 -0.247 -1.196 0.175 -1.263 -0.744 -0.008 0 -0.851 0.601 0.118 0.286
1 2 3 4 5 6 7 8 9 10 11 12:9.450:1.584 0.563 -1.425 -0.988 -0.814 -0.427 1.49 -0.369 0.194 -0.055 -0.59 0.951
1 2 3 4 5 6 7 8 9 10 11 12:13.492:-0.818 1.292 0.28 1.35 2.286 1.017 1.187 0.833 1.08 0.93 0.475 1.944
1 2 3 4 5 6 7 8 9 10 11 12:19.190:8.147 -0.263 -0.667 -0.984 -0.401 2.625 0.378 -1.561 1.029 1.401 -1.064 -0.67
1 2 3 4 5 6 7 8 9 10 11 12:7.264:0.96 0.6 0.047 0.643 -0.69 0.313 0.569 0.653 1.343 0.367 -0.358 0.721
1 2 3 4 5 6 7 8 9 10 11 12:17.541:1.458 -1.114 -2.012 -2.963 -0.29 -1.237 -1.85 -1.39 0.053 -1.674 -1.559 -1.941
1 2 3 4 5 6 7 8 9 10 11 12:11.441:4.67 -0.935 0.844 0.18 -0.523 -1.213 -0.522 1.034 -0.526 -0.707 -0.122 -0.165
1 2 3 4 5 6 7 8 9 10 11 12:12.096:-0.561 0.836 -0.347 -0.418 4.556 -0.999 1.206 0.465 0.899 0.692 -0.244 0.873
1 2 3 4 5 6 7 8 9 10 11 12:10.964:-0.53 2.276 0.412 1.681 -0.279 0.999 2.894 0 0.629 0.878 0 0.386
1 2 3 4 5 6 7 8 9 10 11 12:4.402:0.855 -0.091 0.3 -0.531 0.672 -0.18 -0.09 -0.37 -0.313 0.057 -0.489 0.454
1 2 3 4 5 6 7 8 9 10 11 12:12.119:4.749 0.532 0.566 -0.653 -1.614 1.437 0.467 -0.743 0.238 0.109 -0.86 0.151
1 2 3 4 5 6 7 8 9 10 11 12:13.405:-1.677 -0.388 -3.3 -2.389 -0.566 0.109 -1.071 1.217 -1.024 -0.031 1.239 -0.394
1 2 3 4 5 6 7 8 9 10 11 12:20.724:-1.548 -2.068 -0.243 -1.897 -2.162 -3.373 -0.666 -2.683 -2.724 -1.526 -1.346 -0.488
1 2 3 4 5 6 7 8 9 10 11 12:25.388:-3.861 -1.251 -1.864 -1.56 -2.616 -1.893 -2.134 -2.662 -3.376 -1.17 -1.365 -1.636
1 2 3 4 5 6 7 8 9 10 11 12:10.428:-0.628 0.134 0.743 1.648 0.597 0.385 2.189 1.855 1.08 0.267 0.629 0.273
1 2 3 4 5 6 7 8 9 10 11 12:12.426:0.975 1.158 0.049 -0.436 1.365 -0.411 3.156 -1.918 -0.287 0.923 0.125 1.623
1 2 3 4 5 6 7 8 9 10 11 12:11.550:1.179 0.119 -2.393 -0.125 2.166 -0.568 0.015 0.098 -0.809 1.024 -1.748 -1.306
1 2 3 4 5 6 7 8 9 10 11 12:13.078:1.302 -3.253 -0.688 0.313 -1.089 0.362 0.103 -0.879 -0.56 -2.45 -0.508 1.571
1 2 3 4 5 6 7 8 9 10 11 12:16.484:-1.732 -1.203 0.118 -2.438 -0.869 -1.559 1.122 -0.099 1.737 -2.656 -1.916 -1.035
1 2 3 4 5 6 7 8 9 10 11 12:17.333:1.661 -0.782 -1.199 3.267 0.409 0.067 0.358 2.465 -0.071 -0.678 2.604 3.772
1 2 3 4 5 6 7 8 9 10 11 12:11.727:2.182 -1.164 -0.427 -0.372 1.804 0.578 -0.727 0.096 -1.114 0.801 0.254 -2.208
1 2 3 4 5 6 7 8 9 10 11 12:12.302:0.328 1.728 2.85 0.56 -1.029 -0.266 -0.161 -0.288 0.714 0.622 3.038 0.718
1 2 3 4 5 6 7 8 9 10 11 12:20.855:-1.94 2.42 0.351 2.353 3.004 0.847 1.321 -0.289 3.446 1.234 -0.983 2.667
1 2 3 4 5 6 7 8 9 10 11 12:26.652:3.595 2.058 0.449 1.028 -1.57 2.133 3.512 -3.772 -0.147 3.815 -2.233 2.34
1 2 3 4 5 6 7 8 9 10 11 12:21.363:-0.241 -0.597 2.07 -1.257 -2.051 1.334 -1.707 -3.92 -2.239 1.246 -1.396 -3.305
1 2 3 4 5 6 7 8 9 10 11 12:16.626:0.702 -1.128 -1.411 1.152 1.396 0.525 -0.683 2.929 3.187 0.308 1.802 -1.403
1 2 3 4 5 6 7 8 9 10 11 12:16.677:1.278 1.977 -0.839 -2.698 0.688 0.754 0.745 -3.659 1.292 0.208 -2.023 -0.516
1 2 3 4 5 6 7 8 9 10 11 12:22.200:3.103 0.801 -1.676 -3.758 -1.538 0.249 -0.277 -3.27 -0.882 1.816 -3.226 -1.604
1 2 3 4 5 6 7 8 9 10 11 12:13.664:-1.199 -0.098 -0.354 3.265 -1.389 -0.842 -1.049 2.29 0.735 -1.801 -0.267 0.375
1 2 3 4 5 6 7 8 9 10 11 12:10.787:2.735 -0.453 -0.085 1.116 0.469 0.431 1.125 -2.132 -0.562 0.399 1.07 -0.21
1 2 3 4 5 6 7 8 9 10 11 12:7.308:0.216 0.337 -0.475 -0.736 -0.35 1.652 0.492 -0.871 -1.082 0.017 -0.132 0.948
1 2 3 4 5 6 7 8 9 10 11 12:8.476:0.339 0.276 0.375 -1.791 -0.586 0.288 -0.305 -1.429 -0.503 -0.316 -0.795 -1.473
1 2 3 4 5 6 7 8 9 10 11 12:13.843:1.446 -0.689 -0.407 -1.824 -1.828 -1.042 -0.206 -1.561 -1.845 0.337 -1.869 -0.789
1 2 3 4 5 6 7 8 9 10 11 12:10.499:-0.83 -0.311 -1.056 0.897 0 -0.109 -1.84 1.133 -1.055 -2.161 -0.68 -0.427
1 2 3 4 5 6 7 8 9 10 11 12:35.589:-2.811 -1.876 -4.202 -5.841 -4.024 0.116 -1.104 -6.383 -1.031 -2.638 -2.466 -3.097
1 2 3 4 5 6 7 8 9 10 11 12:15.532:-0.566 -0.561 -4.134 -1.281 -2.065 0.65 0.294 -2.033 0.934 0.781 1.545 0.688
1 2 3 4 5 6 7 8 9 10 11 12:26.313:5.082 1.392 -0.713 3.142 2.364 2.246 1.721 4.762 1.664 -0.696 0.553 1.978
1 2 3 4 5 6 7 8 9 10 11 12:5.197:-0.696 -0.978 -0.057 -0.53 0.437 -0.093 -0.49 -0.816 0.05 -0.452 0.275 -0.323
1 2 3 4 5 6 7 8 9 10 11 12:11.145:0.222 0.988 0.17 -1.332 -2.797 -0.167 1.121 -0.823 -0.403 0.018 -1.783 -1.321
1 2 3 4 5 6 7 8 9 10 11 12:15.638:-5.01 0.811 4.169 0.607 -0.32 -0.408 0.136 0.711 -1.128 0.946 0.978 0.414
1 2 3 4 5 6 7 8 9 10 11 12:28.519:0.731 4.207 3.549 3.219 4.362 1.279 1.986 2.235 1.505 1.301 1.66 2.485
1 2 3 4 5 6 7 8 9 10 11 12:20.050:-12.676 0.312 -0.315 0.52 -0.123 0.839 0.757 -1.151 -1.264 1.028 -0.272 0.793
1 2 3 4 5 6 7 8 9 10 11 12:14.365:2.241 1.577 0.228 1.293 1.415 -0.145 0.118 3.492 0.64 -0.402 1.91 0.904
1 2 3 4 5 6 7 8 9 10 11 12:8.663:1.41 0.476 -0.718 0.064 0.485 0.627 0.729 1.012 1.136 1.703 0.268 -0.035
1 2 3 4 5 6 7 8 9 10 11 12:8.706:-0.213 -0.586 0.74 1.02 0.06 -0.815 -0.117 1.67 -0.629 0.87 1.602 0.384
1 2 3 4 5 6 7 8 9 10 11 12:6.487:-0.209 0.351 -0.07 -0.379 -0.543 -0.657 -0.435 -1.095 -1.176 -0.965 -0.526 -0.081
1 2 3 4 5 6 7 8 9 10 11 12:11.598:-0.331 -1.617 -0.893 -1.014 -1.032 0.227 -0.589 2.769 0.938 -0.547 -1.189 -0.452
1 2 3 4 5 6 7 8 9 10 11 12:12.704:1.495 0.869 1.06 1.601 1.901 0.456 0.565 -0.539 -0.165 2.861 0.668 0.524
1 2 3 4 5 6 7 8 9 10 11 12:5.953:-0.613 -0.573 -0.822 -0.252 -0.842 -0.495 -0.097 1.625 -0.01 0.138 -0.266 0.22
1 2 3 4 5 6 7 8 9 10 11 12:8.366:-1.99 -0.228 0.123 -1.137 -0.364 -0.832 -1.784 -0.107 -0.32 1.221 0.133 0.127
1 2 3 4 5 6 7 8 9 10 11 12:12.072:-1.426 0.767 0.141 0.511 0.305 -0.45 0.007 2.348 4.045 1.505 0.532 0.035
1 2 3 4 5 6 7 8 9 10 11 12:17.337:0.168 -0.378 2.391 3.369 1.579 -0.113 0.975 1.46 1.674 0.211 2.513 2.506
1 2 3 4 5 6 7 8 9 10 11 12:42.416:1.519 1.415 2.233 5.658 2.69 0.85 1.799 4.728 7.306 1.875 7.871 4.472
1 2 3 4 5 6 7 8 9 10 11 12:32.780:-3.188 0.592 -3.494 -4.191 -3.027 1.423 -0.969 -3.533 -0.084 5.305 -4.904 -2.07
1 2 3 4 5 6 7 8 9 10 11 12:31.099:-1.177 -1.424 -2.106 -4.921 -4.322 -1.409 -1.409 -2.645 -3.544 -0.324 -4.151 -3.667
1 2 3 4 5 6 7 8 9 10 11 12:10.241:-1.668 -0.063 -0.284 0.511 0.439 -0.506 0.261 1.358 4.367 0.475 0 0.309
1 2 3 4 5 6 7 8 9 10 11 12:8.937:0.013 -0.88 1.284 1.335 1.312 -1.176 -1.194 0 0.338 -1.263 0.131 0.011
1 2 3 4 5 6 7 8 9 10 11 12:19.478:1.711 3.019 1.673 -0.063 0.925 2.367 1.941 0 2.431 1.936 0.917 2.495
1 2 3 4 5 6 7 8 9 10 11 12:20.425:-2.882 -1.736 -2.303 -2.26 -1.222 2.01 0.83 -2.887 -0.522 0.203 -1.558 -2.012
1 2 3 4 5 6 7 8 9 10 11 12:14.665:4.893 -0.138 1.702 0.193 0.928 1.47 0.975 -0.531 -1.062 0.259 1.187 1.327
1 2 3 4 5 6 7 8 9 10 11 12:13.304:0.302 -0.972 -0.087 1.859 -0.858 -0.618 -1.76 -1.281 -1.386 1.714 2.086 -0.381
1 2 3 4 5 6 7 8 9 10 11 12:22.168:2.776 -0.893 -0.785 2.832 0.556 -1.313 -1.067 4.432 -1.018 -1.825 1.277 3.394
1 2 3 4 5 6 7 8 9 10 11 12:14.163:0.463 -1.995 -0.492 0.061 3.626 0.069 -1.219 -1.346 -1.006 -1.229 1.135 -1.522
1 2 3 4 5 6 7 8 9 10 11 12:11.699:1.692 0.209 2.12 0.856 -1.364 -0.768 -1.213 -0.63 -0.706 -0.596 1.247 -0.298
1 2 3 4 5 6 7 8 9 10 11 12:15.953:0.459 1.412 2.197 2.304 2.285 0.193 1.134 0.634 1.427 -0.13 1.232 2.546
1 2 3 4 5 6 7 8 9 10 11 12:12.420:1.984 0.462 1.033 -1.186 0.823 0.612 -0.443 0.63 4.358 -0.432 -0.122 0.335
1 2 3 4 5 6 7 8 9 10 11 12:19.738:-0.816 -0.466 2.43 -1.26 -1.574 1.219 -1.09 -1.981 -3.145 -1.342 -2.801 -1.614
1 2 3 4 5 6 7 8 9 10 11 12:18.489:0.233 -0.237 7.492 2.066 1.244 -0.272 1.842 1.702 3.079 -0.169 0 0.153
1 2 3 4 5 6 7 8 9 10 11 12:15.467:0.95 0.624 5.25 4.881 0.176 -0.487 0.171 0.418 0.66 -0.825 1.003 0.022
1 2 3 4 5 6 7 8 9 10 11 12:16.849:-0.452 0.665 -5.581 -0.681 0.759 1.944 1.407 -0.417 -0.098 2.017 0.372 2.456
1 2 3 4 5 6 7 8 9 10 11 12:15.791:0.342 1.27 0.49 0.686 2.725 -0.257 -0.659 2.72 0.737 0.997 1.978 2.93
1 2 3 4 5 6 7 8 9 10 11 12:9.827:-0.678 -0.32 0.015 -0.284 5.643 0.601 0.191 -0.407 0.22 0.714 0.485 -0.269
1 2 3 4 5 6 7 8 9 10 11 12:18.661:-1.247 0.938 -1.448 1.024 -0.534 2.928 2.444 1.022 2.153 0.421 2.654 1.848
1 2 3 4 5 6 7 8 9 10 11 12:31.224:2.616 1.403 2.644 4.845 2.363 -1.013 2.496 3.138 0.793 -0.307 8.108 1.498
1 2 3 4 5 6 7 8 9 10 11 12:31.480:-3.394 -1.432 -4.865 -3.976 -2.571 1.102 0.268 -4.612 -2.099 1.181 -4.022 -1.958
1 2 3 4 5 6 7 8 9 10 11 12:14.792:-2.123 0.393 0.253 3.19 1.239 -0.879 -0.214 0.103 0.645 -0.978 -2.378 2.397
1 2 3 4 5 6 7 8 9 10 11 12:24.235:1.982 0.373 -0.032 3.525 2.713 0.146 1.294 2.158 -1.44 6.366 3.596 0.61
1 2 3 4 5 6 7 8 9 10 11 12:19.932:2.898 1.102 2.133 -0.943 7.613 0.265 0.503 0.604 1.013 1.29 -1.568 0
1 2 3 4 5 6 7 8 9 10 11 12:30.491:-0.983 3.477 -3.852 2.062 -1.347 -1.413 10.852 -1.3 -1.559 -0.778 2.162 0.706
1 2 3 4 5 6 7 8 9 10 11 12:27.671:4.865 -0.379 -1.737 3.523 -0.488 -0.256 -1.461 7.092 -1.94 2.62 2.116 1.194
1 2 3 4 5 6 7 8 9 10 11 12:20.939:0.539 -6.462 -3.029 2.703 -1.618 -0.602 0.675 -0.946 -1.069 -1.027 0.981 1.288
1 2 3 4 5 6 7 8 9 10 11 12:48.655:-3.168 -3.702 0.726 -4.678 -2.541 -2.995 -4.347 -5.349 2.928 -4.101 -10.691 -3.429
1 2 3 4 5 6 7 8 9 10 11 12:15.455:-0.916 -2.156 -2.296 -0.307 -0.358 -0.675 0.419 -0.101 -3.044 -3.209 1.814 0.16
1 2 3 4 5 6 7 8 9 10 11 12:22.095:-0.778 1.395 -1.27 1.59 0.564 1.418 0.231 2.121 7.797 2.233 0 2.698
1 2 3 4 5 6 7 8 9 10 11 12:25.265:3.17 0.465 8.08 3.281 4.031 0.09 -0.367 3.264 -1.347 0.007 0 1.163
1 2 3 4 5 6 7 8 9 10 11 12:24.211:-2.739 -0.695 -3.424 -1.369 -1.717 -1.575 -1.873 -3.161 -2.853 -1.883 -1.781 1.141
1 2 3 4 5 6 7 8 9 10 11 12:10.345:1.035 0.313 -0.283 1.685 0.898 0.79 -0.49 1.088 0.947 0.955 1.33 0.531
1 2 3 4 5 6 7 8 9 10 11 12:24.164:1.708 -0.252 -1.336 2.973 0.445 0.395 -0.249 0.489 -10.76 3.007 1.193 -1.357
1 2 3 4 5 6 7 8 9 10 11 12:14.535:-0.402 -0.799 3.858 0.663 0.492 -1.75 0.82 1.753 0.669 -1.022 1.179 1.128
1 2 3 4 5 6 7 8 9 10 11 12:20.589:-2.383 0.577 1.385 -5.313 -1.666 -1.081 -0.718 -0.67 -3.375 -1.008 -1.515 -0.898
1 2 3 4 5 6 7 8 9 10 11 12:12.859:-0.707 -1.508 -1.382 0.596 -0.149 -0.447 -1.21 -1.927 0.107 -1.057 -0.947 -2.822
1 2 3 4 5 6 7 8 9 10 11 12:7.373:1.24 -0.271 1.32 0.049 -0.1 0.304 0.668 1.473 0.363 1.003 -0.239 0.343
1 2 3 4 5 6 7 8 9 10 11 12:8.759:-0.48 -0.38 0.547 -2.417 -0.549 0.274 -0.425 -0.871 0.429 1.089 -0.359 -0.939
1 2 3 4 5 6 7 8 9 10 11 12:18.871:2.611 -0.968 1.184 -2.174 -2.16 -0.594 -1.196 -1.855 -1.978 -0.689 -1.202 -2.26
1 2 3 4 5 6 7 8 9 10 11 12:12.246:0.213 -1.9 -1.612 0.827 -0.308 -1.111 -0.36 -1.493 1.283 -1.428 -1.095 0.616
1 2 3 4 5 6 7 8 9 10 11 12:18.991:-2.446 -0.842 -1.848 -1.333 -2.472 0.562 0.21 -1.818 -2.471 -1.395 2.46 1.134
1 2 3 4 5 6 7 8 9 10 11 12:33.649:-1.894 -2.824 -2.799 -5.61 -3.432 -1.562 -1.429 -2.881 -0.154 -3.408 -4.202 -3.454
1 2 3 4 5 6 7 8 9 10 11 12:18.840:0.764 -0.109 3.233 2.807 1.422 0.013 -0.02 3.284 -2.537 1.404 1.88 1.367
1 2 3 4 5 6 7 8 9 10 11 12:6.009:0.37 -0.073 0.848 -0.054 0.323 0.165 1.111 0 -1.116 1.437 -0.492 0.02
1 2 3 4 5 6 7 8 9 10 11 12:10.541:-1.149 -0.766 1.925 -0.321 -0.161 0.52 -1.204 -0.41 -1.144 1.178 -1.236 -0.527
1 2 3 4 5 6 7 8 9 10 11 12:55.208:-5.295 -2.67 -10.284 -4.514 -4.521 -2.362 -3.841 -4.531 -5.994 -3.479 -3.63 -4.087
1 2 3 4 5 6 7 8 9 10 11 12:24.352:-2.193 -1.609 -4.882 -2.926 -1.86 0.762 -0.526 -2.589 -0.704 2.815 -2.338 -1.148
1 2 3 4 5 6 7 8 9 10 11 12:11.863:-0.64 0.699 1.339 -0.58 -0.287 -0.513 -0.564 -1.218 -1.39 -2.857 -0.798 -0.978
1 2 3 4 5 6 7 8 9 10 11 12:30.291:2.533 3.653 1.376 2.099 2.016 0.743 1.869 3.812 5.736 -0.436 2.815 3.203
1 2 3 4 5 6 7 8 9 10 11 12:9.271:0.676 -0.515 0.941 0.628 0.395 1.402 -0.728 1.404 1.275 0.558 0.391 0.358
1 2 3 4 5 6 7 8 9 10 11 12:8.565:0.433 -0.459 -0.538 0.568 0.337 -0.8 -0.844 0.639 0.592 -2.548 0 -0.807
1 2 3 4 5 6 7 8 9 10 11 12:19.611:-1.452 -1.471 -2.146 -1.749 -1.626 -0.644 -0.942 -1.376 -3.732 -1.515 -1.299 -1.659
1 2 3 4 5 6 7 8 9 10 11 12:26.999:0.432 3.604 2.635 2.872 2.165 1.456 3.537 2.575 1.201 2.756 1.316 2.45
1 2 3 4 5 6 7 8 9 10 11 12:24.083:3.156 1.47 1.562 2.848 0.781 1.842 2.552 1.674 2.013 -0.862 2.208 3.115
1 2 3 4 5 6 7 8 9 10 11 12:7.010:0.428 -0.452 -0.371 0.163 0.498 -1.734 0.212 1.852 0.116 -0.213 0.381 -0.59
1 2 3 4 5 6 7 8 9 10 11 12:17.545:-0.446 -0.85 -0.621 2.114 1.982 -0.282 0.397 5.253 -0.174 -1.023 3.165 1.238
1 2 3 4 5 6 7 8 9 10 11 12:12.671:0.029 2.318 0.786 -1.115 -0.702 -0.749 -0.528 -1.919 -0.656 -1.247 -1.227 -1.395
1 2 3 4 5 6 7 8 9 10 11 12:9.013:0.741 0.98 -0.673 -0.859 -1.033 -0.576 0.617 -0.587 0.799 -1.746 -0.248 0.154
1 2 3 4 5 6 7 8 9 10 11 12:12.514:-1.061 0.225 -0.874 -2.274 -1.868 -0.163 -0.844 -1.181 -0.793 1.467 -0.996 -0.768
1 2 3 4 5 6 7 8 9 10 11 12:10.173:-0.773 -0.4 -0.882 -1.773 -0.784 0.007 -1.476 -0.996 -1.092 -0.356 -0.881 -0.753
1 2 3 4 5 6 7 8 9 10 11 12:39.064:-3.36 -2.924 -3.05 -4.23 -3.837 -1.803 -1.734 -3.32 -4.88 -3.598 -3.553 -2.775
1 2 3 4 5 6 7 8 9 10 11 12:55.269:-9.874 -2.112 -7.676 -5.595 -4.871 -3.218 -2.52 -5.099 -4.179 -2.86 -3.289 -3.976
1 2 3 4 5 6 7 8 9 10 11 12:13.064:3.712 -1.26 -0.142 -1.497 -0.617 1.133 1.465 0.329 1.312 -0.341 0.544 -0.712
1 2 3 4 5 6 7 8 9 10 11 12:19.933:-0.916 0.526 2.681 1.14 0.931 0.236 1.728 5.027 1.697 1.489 1.353 2.209
1 2 3 4 5 6 7 8 9 10 11 12:12.938:1.729 1.412 2.453 1.691 1.046 -0.076 -0.205 -0.728 -0.075 0.749 1.469 1.305
1 2 3 4 5 6 7 8 9 10 11 12:17.743:-1.637 -1.665 -1.525 -2.155 -1.4 -0.36 -0.574 -1.677 -1.142 -1.532 -3.026 -1.05
1 2 3 4 5 6 7 8 9 10 11 12:11.108:-2.195 0.697 -0.843 0.503 0.309 0.827 1.224 -1.066 -0.685 1.433 1.085 0.241
1 2 3 4 5 6 7 8 9 10 11 12:8.921:-1.9 0.491 0.336 1.315 0.8 0.689 -0.027 2.155 -0.304 0.082 0.134 0.688
1 2 3 4 5 6 7 8 9 10 11 12:9.839:2.541 -0.733 -1.438 0.062 0.061 -0.476 -0.014 0 2.035 -0.603 -0.402 -1.474
1 2 3 4 5 6 7 8 9 10 11 12:8.851:3.184 -0.246 -0.52 -0.988 0.305 0.526 0 0.211 1.77 -0.507 0 -0.594
1 2 3 4 5 6 7 8 9 10 11 12:15.492:-0.657 1.45 1.568 2.246 0.973 1.225 0.605 1.789 0.311 2.327 0.404 1.937
1 2 3 4 5 6 7 8 9 10 11 12:29.987:2.779 2.623 -0.119 2.257 5.06 2.721 3.317 2.689 2.719 1.578 1.877 2.248
1 2 3 4 5 6 7 8 9 10 11 12:15.557:2.872 1.838 0.852 0.119 1.491 0.586 1.066 -0.705 -0.866 1.543 0.921 2.698
1 2 3 4 5 6 7 8 9 10 11 12:27.689:6.703 2.503 3.496 1.192 1.751 2.375 1.967 1.014 -0.05 3.754 1.043 1.841
1 2 3 4 5 6 7 8 9 10 11 12:8.841:-0.197 0.468 0.38 2.002 0 -1.604 -0.381 0 1.964 -1.574 0.129 -0.142
1 2 3 4 5 6 7 8 9 10 11 12:13.772:4.622 0.041 2.496 1.155 1.444 0.701 1.045 -1.205 0.06 0.653 0.258 -0.092
1 2 3 4 5 6 7 8 9 10 11 12:26.324:1.094 1.67 1.088 5.194 4.598 0.555 2.206 1.22 -0.152 2.295 3.728 2.524
1 2 3 4 5 6 7 8 9 10 11 12:11.285:5.221 0.061 1.223 0.054 0.942 0.433 -0.012 -1.004 -0.315 -0.572 -0.991 0.457
1 2 3 4 5 6 7 8 9 10 11 12:12.773:-0.115 0.484 2.271 0.597 2.125 -0.591 1.616 0.406 2.571 1.022 0.125 0.85
1 2 3 4 5 6 7 8 9 10 11 12:15.252:0.856 -0.823 3.843 1.24 2.132 -1.84 0.115 0.606 -1.535 -1.546 0.5 0.216
1 2 3 4 5 6 7 8 9 10 11 12:13.155:-3.516 -2.565 0.679 -0.319 -1.093 1.122 -0.57 -1.205 -0.76 0.615 -0.124 -0.587
1 2 3 4 5 6 7 8 9 10 11 12:8.365:0.911 -1.254 1.568 0.16 0.503 -1.531 -0.085 -0.407 0.049 -0.039 -0.747 1.111
1 2 3 4 5 6 7 8 9 10 11 12:17.576:-1.225 1.761 -1.975 -1.6 -1.7 0.509 0.464 -2.551 -2.265 0.243 -1.882 -1.401
1 2 3 4 5 6 7 8 9 10 11 12:19.706:0.466 0.607 2.828 3.902 0.254 -0.706 -1.762 2.513 -0.711 -1.879 2.302 1.776
1 2 3 4 5 6 7 8 9 10 11 12:10.306:-0.799 -0.096 -1.202 0.887 -0.71 -0.622 0.204 -2.451 -1.797 -0.685 0 -0.853
1 2 3 4 5 6 7 8 9 10 11 12:23.258:0.211 -2.25 -1.484 -4.137 -4.037 0.835 -0.71 -2.199 -2.633 0.061 -3 -1.701
1 2 3 4 5 6 7 8 9 10 11 12:24.652:-2.164 -1.109 4.179 -0.108 -2.023 -2.297 -0.752 -4.604 -0.334 -3.319 -2.062 -1.701
1 2 3 4 5 6 7 8 9 10 11 12:38.947:1.379 6.756 5.295 6.371 4.185 0.094 0.401 1.459 3.877 1.297 3.684 4.149
1 2 3 4 5 6 7 8 9 10 11 12:28.223:2.346 2.878 -0.555 5.076 4.434 -0.88 -0.873 1.659 0.435 1.866 4.442 2.779
1 2 3 4 5 6 7 8 9 10 11 12:11.370:-0.325 -1.182 -1.675 -0.193 0.1 -0.793 -1.699 1.415 1.74 0.479 -0.729 -1.04
1 2 3 4 5 6 7 8 9 10 11 12:22.064:2.988 1.092 -0.442 4.114 0.399 1.534 0.979 0.322 -3.481 -2.162 1.714 2.837
1 2 3 4 5 6 7 8 9 10 11 12:20.633:2.859 1.145 1.173 -1.302 -0.348 0.761 2.726 1.497 5.756 1.349 -0.602 -1.115
1 2 3 4 5 6 7 8 9 10 11 12:31.759:3.697 2.839 0.407 3.062 1.147 2.285 0.426 3.899 5.752 3.204 3.632 1.409
1 2 3 4 5 6 7 8 9 10 11 12:10.836:-1.141 -0.566 1.154 0.137 -0.394 -1.035 -0.59 -1.826 -1.743 -1.727 -0.467 0.056
1 2 3 4 5 6 7 8 9 10 11 12:17.139:-2.677 -0.125 -1.496 -2.738 -2.079 0.571 -0.482 -1.033 -0.24 -1.302 -2.582 -1.814
1 2 3 4 5 6 7 8 9 10 11 12:22.578:-0.365 -1.121 0.423 6.007 0.607 -3.665 -2.317 -1.67 -2.406 -2.959 0.482 0.556
1 2 3 4 5 6 7 8 9 10 11 12:11.012:-0.347 1.133 -0.499 4.427 -0.503 -0.429 0.776 -0.743 0.498 -0.582 0.719 -0.356
1 2 3 4 5 6 7 8 9 10 11 12:19.823:2.439 0.664 0.642 -2.628 3.182 2.446 1.3 0.749 3.141 0.946 -0.952 0.734
1 2 3 4 5 6 7 8 9 10 11 12:11.706:0.809 0.74 0.078 -0.131 2.252 1.836 0.336 0.318 0.538 1.755 -1.923 0.99
1 2 3 4 5 6 7 8 9 10 11 12:20.132:-4.184 -0.741 -1.12 -1.003 -1.436 -0.41 -1.825 -1.693 1.034 -2.086 -2.574 -2.026
1 2 3 4 5 6 7 8 9 10 11 12:58.193:-5.04 -3.788 -2.281 -6.561 -6.557 -2.973 -4.691 -5.705 -4.153 -4.452 -6.667 -5.325
1 2 3 4 5 6 7 8 9 10 11 12:45.170:4.254 3.052 5.071 3.817 4.418 2.992 2.965 3.653 2.984 3.793 3.504 4.667
1 2 3 4 5 6 7 8 9 10 11 12:11.884:-2.344 0.013 -1.027 -2.86 -0.846 -0.135 -1.546 -0.11 -0.134 0.935 0.391 -1.543
1 2 3 4 5 6 7 8 9 10 11 12:12.822:-0.533 -1.788 -0.325 -1.215 -1.104 -0.61 -1.793 -1.433 -1.301 -0.697 -1.297 -0.726
1 2 3 4 5 6 7 8 9 10 11 12:6.064:-0.674 0.588 -0.808 -0.331 -0.609 0.388 -0.193 -0.671 -0.047 0.509 -0.788 0.458
1 2 3 4 5 6 7 8 9 10 11 12:9.522:0.076 0.184 -1.675 -1.519 1.89 0.645 0.741 -1.126 -0.304 0.03 -0.662 -0.67
1 2 3 4 5 6 7 8 9 10 11 12:12.879:-0.084 -1.23 -2.038 1.06 -0.301 -0.749 -0.418 -1.367 -1.402 0.802 -0.8 -2.628
1 2 3 4 5 6 7 8 9 10 11 12:13.058:0.988 -0.25 2.552 2.766 0.855 -0.649 -0.892 0 1.235 2.408 0.403 0.06
1 2 3 4 5 6 7 8 9 10 11 12:87.139:-7.374 -6.034 -7.703 -6.729 -6.431 -5.43 -4.996 -10.162 -7.894 -4.838 -14.324 -5.224
1 2 3 4 5 6 7 8 9 10 11 12:57.964:4.675 3.8 5.53 6.269 3.09 2.586 3.202 8.098 5.87 3.446 9.219 2.179
1 2 3 4 5 6 7 8 9 10 11 12:10.918:-2.519 -2.065 -0.309 -0.234 0.258 -2.05 1.733 0.119 -0.685 -0.751 -0.143 0.052
1 2 3 4 5 6 7 8 9 10 11 12:24.704:0.479 1.057 -4.505 -3.238 -0.979 -3.646 -3.75 -0.356 -1.559 -1.994 1.289 -1.852
1 2 3 4 5 6 7 8 9 10 11 12:16.547:-4.234 -1.679 -2.889 -0.485 -0.312 -0.236 -2.315 -0.834 0.651 -0.761 -0.707 -1.444
1 2 3 4 5 6 7 8 9 10 11 12:24.160:-2.858 -3.071 -3.82 -1.998 -2.611 -0.328 -1.468 -2.043 -1.135 -2.237 -1.425 -1.166
1 2 3 4 5 6 7 8 9 10 11 12:58.303:-5.347 -6.636 -7.083 -7.708 -6.273 -3.052 -4.985 -1.595 -7.484 -2.297 -1.156 -4.687
1 2 3 4 5 6 7 8 9 10 11 12:20.857:3.142 0.427 3.053 5.011 2.574 0.226 1.721 1.247 0.755 0.654 2.047 0
1 2 3 4 5 6 7 8 9 10 11 12:28.201:4.255 0.567 1.969 1.437 3.123 3.265 0.368 3.571 4.122 0.929 2.006 2.589
1 2 3 4 5 6 7 8 9 10 11 12:22.595:1.485 3.078 -0.094 3.035 2.434 1.572 1.371 0.595 3.307 0.877 0.983 3.764
1 2 3 4 5 6 7 8 9 10 11 12:10.426:2.664 -0.59 -1.351 2.504 0.634 0.294 0.192 0.236 -0.282 0.493 0.834 0.352
1 2 3 4 5 6 7 8 9 10 11 12:26.326:-6.032 2.779 0.78 2.395 -0.42 3.275 2.692 -1.179 0.649 1.461 1.517 3.147
1 2 3 4 5 6 7 8 9 10 11 12:25.491:4.317 -1.676 6.114 -0.935 -1.528 -1.286 0.172 -2.864 -1.206 -3.075 -2.174 0.144
1 2 3 4 5 6 7 8 9 10 11 12:29.382:0.8 3.681 4.731 1.7 5.243 1.696 1.527 3.194 3.569 1.543 -0.278 1.42
1 2 3 4 5 6 7 8 9 10 11 12:17.874:-1.311 2.128 2.394 0.232 -0.305 2.203 1.709 1.667 0.409 3.38 0.279 1.857
1 2 3 4 5 6 7 8 9 10 11 12:18.478:1.234 -1.806 -2.172 -1.343 -0.714 0.436 -1.298 -1.991 -2.043 -2.357 -0.833 -2.251
1 2 3 4 5 6 7 8 9 10 11 12:15.724:1.554 0.758 2.831 0.282 1.541 0.515 1.048 -2.987 1.566 1.73 -0.28 0.632
1 2 3 4 5 6 7 8 9 10 11 12:9.618:3.319 -0.636 -0.066 -0.515 -0.303 -0.997 0.014 0.369 0.393 -2.107 0.281 -0.618
1 2 3 4 5 6 7 8 9 10 11 12:14.806:0.461 -0.619 -1.93 -0.094 -0.558 -2.474 -1.963 -1.718 -0.703 -3.142 -0.42 -0.724
1 2 3 4 5 6 7 8 9 10 11 12:10.558:-2.856 -0.138 0.908 2.214 -0.51 -0.814 -0.703 -0.624 0.157 0.473 -0.422 0.739
1 2 3 4 5 6 7 8 9 10 11 12:16.433:0.726 2.045 -0.967 3.18 1.179 0.133 1.587 -3.392 0.961 0.171 0.706 1.386
1 2 3 4 5 6 7 8 9 10 11 12:9.254:0.074 0.245 -0.623 -0.357 -1.115 1.326 0.697 -1.43 -0.642 0.278 -1.964 -0.503
1 2 3 4 5 6 7 8 9 10 11 12:16.292:-1.107 1.715 1.694 2.196 -0.513 1.732 2.181 2.507 -0.307 1.913 0.286 -0.141
1 2 3 4 5 6 7 8 9 10 11 12:14.331:3.665 1.426 2.398 -2.105 0.361 -0.447 -0.082 2.188 0.982 -0.525 0 -0.152
1 2 3 4 5 6 7 8 9 10 11 12:37.329:3.314 1.76 4.196 3.943 4.312 2.425 0.815 5.038 3.549 1.3 3.709 2.968
1 2 3 4 5 6 7 8 9 10 11 12:27.997:1.642 1.233 -0.453 0.086 0.886 10.013 1.406 4.676 1.92 3.343 1.513 0.826
1 2 3 4 5 6 7 8 9 10 11 12:14.053:0.471 -0.128 -1.098 -0.086 -4.146 -2.93 -0.643 -0.573 -1.413 -1.844 0.136 -0.585
1 2 3 4 5 6 7 8 9 10 11 12:15.517:1.638 -1.2 -0.111 3.362 1.069 -3.569 -0.027 0.115 -0.509 -1.265 1.759 0.893
1 2 3 4 5 6 7 8 9 10 11 12:13.191:1.916 2.378 0.254 -0.584 -0.856 -2.199 0.937 -2.301 0.444 -0.728 -0.399 0.195
1 2 3 4 5 6 7 8 9 10 11 12:13.154:1.982 0.353 2.533 0.923 1.778 -0.138 0.768 -1.296 1.337 1.022 0.801 0.223
1 2 3 4 5 6 7 8 9 10 11 12:6.873:0.59 -1.113 -0.293 0 -0.15 -1.221 0.703 1.193 -0.523 -0.059 -0.795 -0.233
1 2 3 4 5 6 7 8 9 10 11 12:13.251:0.269 1.578 3.283 -0.125 -1.599 -0.177 0.56 -1.887 0.474 1.032 -1.869 -0.398
1 2 3 4 5 6 7 8 9 10 11 12:9.435:0.131 -0.676 -2.189 -0.583 0.508 -1.912 -0.209 -0.601 -0.173 -1.235 -0.272 0.946
1 2 3 4 5 6 7 8 9 10 11 12:21.844:-1.611 0.731 -1.119 -4.646 -2.021 -4.744 -0.584 -1.33 -0.605 -1.641 -1.228 -1.584
1 2 3 4 5 6 7 8 9 10 11 12:17.263:2.92 -0.131 0.341 -0.746 -0.67 -3.816 1.122 -1.838 -1.396 -2.451 -1.381 0.451
1 2 3 4 5 6 7 8 9 10 11 12:5.816:-0.017 -0.389 -0.17 -0.398 -0.208 0.902 -1.403 0.125 0.908 0.808 0 -0.488
1 2 3 4 5 6 7 8 9 10 11 12:18.081:1.042 0.893 4.132 1.155 0.52 1.48 0.9 1.87 1.717 2.298 0.7 1.374
1 2 3 4 5 6 7 8 9 10 11 12:26.591:-4.415 -2.644 -1.828 -2.151 -0.88 -1.364 -1.928 -1.958 -2.972 -1.88 -1.53 -3.041
1 2 3 4 5 6 7 8 9 10 11 12:8.867:-0.2 0.013 0.757 -0.269 -0.366 0.749 0.609 -1.873 -1.386 0.064 -1.412 -1.169
1 2 3 4 5 6 7 8 9 10 11 12:23.804:3.404 -0.73 2.164 3.914 2.201 0.461 0.206 2.163 3.581 0.801 2.006 2.173
1 2 3 4 5 6 7 8 9 10 11 12:14.013:-3.716 -1.174 -1.853 0.519 -0.462 0.036 -2.262 -1.121 -0.607 -0.069 -0.562 -1.632
1 2 3 4 5 6 7 8 9 10 11 12:13.436:3.334 1.815 0.809 -0.345 0.618 -0.087 1.418 0 1.421 1.387 -0.141 2.061
1 2 3 4 5 6 7 8 9 10 11 12:19.871:-1.302 -6.566 -0.58 -2.42 -1.69 0.966 -0.515 -0.504 -0.992 1.422 -0.707 -2.207
1 2 3 4 5 6 7 8 9 10 11 12:13.309:-1.364 -0.172 0.628 -0.133 -1.51 1.379 -0.309 -1.646 4.042 -0.916 -0.142 -1.068
1 2 3 4 5 6 7 8 9 10 11 12:28.437:-3.212 -2.77 -3.165 -4.08 -0.106 -3.398 -2.26 -1.158 -3.909 0.07 -1.997 -2.312
1 2 3 4 5 6 7 8 9 10 11 12:15.259:1.736 -0.686 -1.611 -2.127 -0.318 -0.225 0.628 2.083 -4.242 1.239 -0.291 0.073
1 2 3 4 5 6 7 8 9 10 11 12:22.107:-2.492 -4.122 -0.561 -0.85 -3.24 -2.613 -1.31 -1.403 -2.284 -1.241 -1.168 0.823
1 2 3 4 5 6 7 8 9 10 11 12:19.789:-2.83 -1.44 -1.772 -1.62 2.964 0.171 -1.237 -1.811 -2.808 -0.439 -1.034 -1.663
1 2 3 4 5 6 7 8 9 10 11 12:13.479:-1.29 -0.595 0.208 -2.179 -1.493 1.606 0.134 -1.186 2.366 1.678 -0.597 -0.147
1 2 3 4 5 6 7 8 9 10 11 12:11.290:0.99 1.91 -0.351 0.248 -1.84 0.563 0.408 -2 1.383 0.712 -0.601 0.284
1 2 3 4 5 6 7 8 9 10 11 12:56.139:-2.834 -3.376 -2.734 -5.136 -5.788 -3.378 -2.576 -5.306 -5.789 -2.71 -13.595 -2.917
1 2 3 4 5 6 7 8 9 10 11 12:26.212:4.407 -2.109 4.373 -1.093 -2.282 -0.898 -2.652 -0.718 0.282 1.059 2.448 -3.891
1 2 3 4 5 6 7 8 9 10 11 12:27.439:0.969 0.472 6.615 5.105 2.156 1.065 0.834 3.618 1.553 1.871 0.853 2.328
1 2 3 4 5 6 7 8 9 10 11 12:22.954:0.704 2.504 0.916 2.303 1.641 0.682 3.953 2.654 2.026 1.514 1.354 2.703
1 2 3 4 5 6 7 8 9 10 11 12:14.080:-2.459 0.687 -3.147 -2.643 -0.692 -0.008 -0.373 -0.816 -0.077 0.353 -0.835 -1.99
1 2 3 4 5 6 7 8 9 10 11 12:34.308:-1.774 -1.403 -4.958 -3.167 -3.078 -2.044 -2.41 -3.978 -4.086 -3.433 -1.684 -2.293
1 2 3 4 5 6 7 8 9 10 11 12:34.015:3.959 3.522 0.811 3.271 2.217 2.634 2.789 2.857 3.492 2.565 2.568 3.33
1 2 3 4 5 6 7 8 9 10 11 12:13.092:2.271 0.334 -0.947 -2.313 -0.234 -1.283 0.211 -0.972 0.658 1.375 2.17 -0.324
1 2 3 4 5 6 7 8 9 10 11 12:11.985:-1.236 -1.673 -0.414 -1.39 -0.646 1.146 -0.408 -1.823 -0.493 1.526 -0.98 0.25
1 2 3 4 5 6 7 8 9 10 11 12:17.361:-2.61 0.143 -1.551 -1.983 -1.242 0.747 0.734 -3.143 -0.512 1.325 -1.65 -1.721
1 2 3 4 5 6 7 8 9 10 11 12:26.108:2.532 2.744 2.778 4.739 1.856 2.852 2.124 1.18 0.476 0.058 1.51 3.259
1 2 3 4 5 6 7 8 9 10 11 12:19.400:-0.689 0.739 2.56 0.305 2.175 1.855 1.551 3.79 3.097 1.967 0.661 0.011
1 2 3 4 5 6 7 8 9 10 11 12:22.487:-1.245 0.777 1.017 2.94 3.74 0.682 1.176 2.388 1.167 -2.209 3.941 1.205
1 2 3 4 5 6 7 8 9 10 11 12:15.680:-3.449 -1.218 -0.549 -1.28 -1.442 -0.899 0.581 -0.412 -0.571 -2.961 -0.948 -1.37
1 2 3 4 5 6 7 8 9 10 11 12:9.364:2.789 0.124 2.025 1.596 0.506 0.425 -0.027 -0.413 -0.269 0.988 0.159 0.043
1 2 3 4 5 6 7 8 9 10 11 12:13.544:1.216 0.802 -1.022 1.767 3.024 -0.699 -0.385 0.415 1.573 -0.399 1.911 0.331
1 2 3 4 5 6 7 8 9 10 11 12:20.162:-3.003 -2.061 -3.372 -1.447 -2.011 -0.347 -0.727 -2.617 -1.978 0.054 -1.406 -1.139
1 2 3 4 5 6 7 8 9 10 11 12:7.271:0.424 -0.753 2.562 -0.098 0.721 -0.134 0.329 -0.707 0.481 0.573 -0.317 -0.172
1 2 3 4 5 6 7 8 9 10 11 12:7.812:0.158 -0.945 0.506 -0.147 0.385 -1.15 -1.54 -1.14 -0.544 -0.596 -0.636 -0.065
1 2 3 4 5 6 7 8 9 10 11 12:9.917:-0.921 -1.089 1.022 1.619 -0.055 0.352 -0.782 -0.288 -1.083 -0.681 -0.32 1.705
1 2 3 4 5 6 7 8 9 10 11 12:10.237:-2.524 0.41 0.785 1.449 0.274 0.753 0.446 -0.723 0.722 1.067 -0.161 -0.923
1 2 3 4 5 6 7 8 9 10 11 12:16.242:-1.679 -0.091 -3.056 0.048 0.383 -1.931 -1.74 -0.873 -0.771 -3.935 -0.643 -1.092
1 2 3 4 5 6 7 8 9 10 11 12:41.508:-2.504 -1.778 -5.099 -4.9 -3.272 -1.813 -4.444 -3.377 -5.229 -3.039 -2.589 -3.464
1 2 3 4 5 6 7 8 9 10 11 12:12.517:2.551 0.277 2.361 0.6 1.353 -1.101 -0.363 0.152 -2.455 0.135 -0.664 0.505
1 2 3 4 5 6 7 8 9 10 11 12:8.021:4.055 -0.038 -0.111 -0.448 -0.834 -0.347 0.255 -0.759 -0.107 -0.175 0.167 0.725
1 2 3 4 5 6 7 8 9 10 11 12:28.332:-0.438 -2.398 -1.226 -2.597 -2.524 -2 -1.273 -3.211 -3.996 -3.504 -3.005 -2.16
1 2 3 4 5 6 7 8 9 10 11 12:5.775:-0.184 0.047 0.081 -2.513 0.46 0.659 1.231 0 -0.333 -0.131 0 -0.136
1 2 3 4 5 6 7 8 9 10 11 12:36.255:-1.5 -1.086 -11.711 -4.103 -2.864 2.512 -0.131 -5.687 -2.832 0.335 -2.065 -1.429
1 2 3 4 5 6 7 8 9 10 11 12:28.227:-0.391 1.305 2.919 5.376 3.538 1.089 1.48 1.843 1.888 0.137 4.569 3.692
1 2 3 4 5 6 7 8 9 10 11 12:17.064:-2.076 -1.524 -0.195 -0.625 -1.139 -0.471 -1.365 -4.112 -2.654 -0.702 -1.513 -0.688
1 2 3 4 5 6 7 8 9 10 11 12:11.846:1.928 0.407 -1.226 1.048 0.173 0.368 1.828 2.058 0.939 0.862 -0.171 0.838
1 2 3 4 5 6 7 8 9 10 11 12:23.621:0.631 0.739 2.967 3.629 2.76 1.397 2.045 4.202 2.745 0.849 1.026 0.631
1 2 3 4 5 6 7 8 9 10 11 12:13.270:1.603 0.489 -0.908 0.05 1.903 0.181 0.547 3.548 2.108 -0.403 0 1.53
1 2 3 4 5 6 7 8 9 10 11 12:11.614:-0.264 0.824 -2.573 1.55 0.824 -0.763 -0.983 -0.312 -0.838 -1.345 0.677 0.661
1 2 3 4 5 6 7 8 9 10 11 12:16.266:-4.272 -2.615 -2.822 -0.394 -0.218 -0.145 -1.063 -1.094 -0.955 -1.579 0 -1.109
1 2 3 4 5 6 7 8 9 10 11 12:18.152:-0.73 1.798 -1.899 -3.707 -1.528 0.301 0.633 -0.632 -1.787 1.135 -2.521 1.481
1 2 3 4 5 6 7 8 9 10 11 12:15.297:-2.163 1.123 0.512 -0.462 3.825 0.427 -0.467 2.544 1.618 0.4 1.552 0.204
1 2 3 4 5 6 7 8 9 10 11 12:24.279:-2.669 1.615 2.228 1.547 1.655 0.14 2.301 5.581 3.072 0.189 1.868 1.414
1 2 3 4 5 6 7 8 9 10 11 12:8.753:-1.198 -0.894 0.997 0.203 -0.683 -0.225 -0.09 -1.762 -0.956 -0.47 -1 -0.275
1 2 3 4 5 6 7 8 9 10 11 12:19.941:4.482 1.457 1.554 0.811 1.058 1.379 0.903 1.794 1.517 2.492 0.842 1.652
1 2 3 4 5 6 7 8 9 10 11 12:23.025:0.636 0.03 0.684 5.581 1.518 1.79 2.211 0.734 2.923 1.995 3.506 1.417
1 2 3 4 5 6 7 8 9 10 11 12:12.916:-0.564 1.671 -2.754 0.571 0.515 0.093 1.846 -1.603 -1.44 0.36 -1.129 0.37
1 2 3 4 5 6 7 8 9 10 11 12:16.162:0.447 1.599 1.14 3.741 2.256 0.648 1.826 1.778 1.149 -0.201 1.305 -0.072
1 2 3 4 5 6 7 8 9 10 11 12:13.420:-1.308 -0.537 2.691 -0.274 -1.254 -1.021 -1.248 -1.019 -1.316 -1.281 -0.805 -0.666
1 2 3 4 5 6 7 8 9 10 11 12:13.088:-1.014 0.547 -1.753 -0.732 -0.457 -2.439 -0.882 -0.294 -3.306 1.344 0 0.32
1 2 3 4 5 6 7 8 9 10 11 12:14.702:-2.915 -1.713 -0.757 -2.997 -0.816 -0.501 -0.106 -0.295 0.226 1.607 -1.299 -1.47
1 2 3 4 5 6 7 8 9 10 11 12:10.606:-0.784 -0.905 -1.834 -1.093 1.595 0.814 -0.159 -1.331 -0.713 0.997 -0.329 -0.052
1 2 3 4 5 6 7 8 9 10 11 12:38.288:1.291 3.368 3.885 3.796 4.304 -1.065 2.769 4.348 4.417 3.242 3.465 2.338
1 2 3 4 5 6 7 8 9 10 11 12:22.107:1.606 2.352 2.475 4.352 3.932 0.037 1.12 1.293 2.003 -0.58 0.797 1.56
1 2 3 4 5 6 7 8 9 10 11 12:13.982:1.899 0.728 -1.981 -0.577 -1.775 1.261 0.314 -0.993 1.29 -0.392 -0.633 2.139
1 2 3 4 5 6 7 8 9 10 11 12:21.710:1.699 1.396 0.425 1.696 1.95 -0.315 0.37 2.436 7.824 -1.488 1.433 0.678
1 2 3 4 5 6 7 8 9 10 11 12:12.403:-0.75 2.124 0.971 1.887 0 2.333 1.788 0 -0.596 1.475 -0.157 0.322
1 2 3 4 5 6 7 8 9 10 11 12:11.951:-0.112 -0.465 -4.266 -0.775 0.14 0.294 0.106 0.559 2.08 -1.727 -0.629 0.798
1 2 3 4 5 6 7 8 9 10 11 12:11.027:0.112 -2.873 -1.132 1.128 -1.537 -0.204 -0.574 -0.834 -0.047 -1.891 0 -0.695
1 2 3 4 5 6 7 8 9 10 11 12:15.471:-0.086 1.769 2.42 1.502 1.656 0.764 0.527 0.281 1.893 -0.426 1.424 2.723
1 2 3 4 5 6 7 8 9 10 11 12:20.558:1.538 0.967 1.172 -0.93 -0.14 0.886 1.761 2.378 3.868 4.241 1.872 0.805
1 2 3 4 5 6 7 8 9 10 11 12:15.869:0.212 -0.158 -1.533 -0.768 -0.606 1.225 0.491 2.596 2.535 -0.993 -3.982 -0.77
1 2 3 4 5 6 7 8 9 10 11 12:29.029:2.145 0.835 2.245 0.043 0.234 0.833 0.586 11.718 -0.321 2.508 6.539 1.022
1 2 3 4 5 6 7 8 9 10 11 12:24.018:2.158 -0.048 -0.071 4.686 3.695 -1.099 -0.686 3.456 2.605 1.555 2.395 1.564
1 2 3 4 5 6 7 8 9 10 11 12:9.356:-1.327 0.007 0.673 -0.575 -1.669 0.234 0.862 -0.576 -0.839 -1.778 -0.585 -0.231
1 2 3 4 5 6 7 8 9 10 11 12:16.178:4.429 -1.218 -1.866 -2.024 -0.963 -0.119 -0.552 -0.232 -0.765 -0.84 -1.765 -1.405
1 2 3 4 5 6 7 8 9 10 11 12:11.565:1.791 0.956 -1.686 -0.59 0.926 -0.339 2.188 0.813 -1.324 -0.09 0.449 -0.413
1 2 3 4 5 6 7 8 9 10 11 12:13.980:0.316 2.34 0.474 0.297 0.551 2.453 -0.149 2.88 1.341 0.578 -0.596 -2.005
1 2 3 4 5 6 7 8 9 10 11 12:9.093:-0.754 -0.879 -0.654 0.338 0.183 0.291 1.41 0.336 1.228 -0.876 -1.049 -1.095
1 2 3 4 5 6 7 8 9 10 11 12:17.757:-0.124 2.686 -0.164 3.835 1.276 1.323 1.29 1.004 1.514 1.376 1.212 1.953
1 2 3 4 5 6 7 8 9 10 11 12:7.616:-2.049 0.224 -0.696 -0.041 -0.315 -0.037 1.71 -0.331 0.116 -0.664 -0.299 1.134
1 2 3 4 5 6 7 8 9 10 11 12:10.991:1.378 0.539 3.373 -1.299 -0.406 1.145 0.555 0 0.37 0.28 0.751 -0.895
1 2 3 4 5 6 7 8 9 10 11 12:15.667:1 0.974 2.229 4.155 -0.498 0.516 0.455 1.996 0.383 -0.36 2.683 0.418
1 2 3 4 5 6 7 8 9 10 11 12:12.990:-0.139 -0.913 0.593 -2.133 1.093 0.119 0.209 -1.087 1.516 3.522 -0.871 0.795
1 2 3 4 5 6 7 8 9 10 11 12:24.810:-0.992 -0.987 -2.272 -2.865 -3.108 -1.234 -1.661 -1.868 -3.782 -1.444 -2.343 -2.254
1 2 3 4 5 6 7 8 9 10 11 12:19.507:-0.321 -2.066 -1.136 -1.745 -0.837 -1.52 -2.085 -2.24 -0.574 -2.395 -2.849 -1.739
1 2 3 4 5 6 7 8 9 10 11 12:23.992:1.499 0.701 0.538 4.397 3 -0.309 1.367 5.498 1.31 1.294 2.006 2.073
1 2 3 4 5 6 7 8 9 10 11 12:23.301:0.804 0.415 5.587 0.081 3.778 0.481 1.088 5.537 2.88 0.639 1.513 -0.498
1 2 3 4 5 6 7 8 9 10 11 12:11.649:-0.483 -0.906 0.473 1.902 -0.088 -0.543 -0.109 0.72 -1.084 0.062 5.067 0.212
1 2 3 4 5 6 7 8 9 10 11 12:13.620:-1.095 0.209 -3.635 1.906 0 0.017 -0.172 -1.021 -1.853 1.782 1.277 0.653
1 2 3 4 5 6 7 8 9 10 11 12:20.105:-1.193 -2.175 -3.894 -1.559 -0.702 -1.754 -1.722 0.413 -0.986 -2.737 -1.261 -1.709
1 2 3 4 5 6 7 8 9 10 11 12:32.330:0.024 3.129 1.199 3.603 3.448 3.244 3.675 1.028 4.555 3.538 1.702 3.185
1 2 3 4 5 6 7 8 9 10 11 12:10.641:2.224 -0.978 0.018 1.987 1.496 -0.939 -1.459 0 0.357 -0.658 -0.139 0.386
1 2 3 4 5 6 7 8 9 10 11 12:10.846:-0.432 0.813 -0.88 -1.723 0.674 0.907 -0.223 -1.221 -0.958 0.841 -1.536 0.638
1 2 3 4 5 6 7 8 9 10 11 12:19.812:1.046 0.786 2.807 2.059 3.346 0.643 1.152 4.634 0.659 0.993 1.277 0.41
1 2 3 4 5 6 7 8 9 10 11 12:11.628:-0.284 -0.807 -0.423 -0.299 -1.902 -0.381 0.136 -1.772 0.072 -1.146 4.202 -0.204
1 2 3 4 5 6 7 8 9 10 11 12:11.114:-1.415 0.72 0.495 0.562 -2.021 -0.473 -0.843 0.501 -1.7 -0.389 1.075 -0.92
1 2 3 4 5 6 7 8 9 10 11 12:23.473:1.264 3.223 2.764 3.092 -0.589 1.032 2.579 1.894 1.684 1.142 1.995 2.215
1 2 3 4 5 6 7 8 9 10 11 12:10.944:0.555 0.654 0.548 -0.217 1.271 0.067 0.273 -1.272 2.603 -0.192 1.695 1.597
1 2 3 4 5 6 7 8 9 10 11 12:10.904:1.249 2.058 -1.67 0.58 0.209 -0.337 0.66 0.892 -0.026 -0.122 2.821 0.28
1 2 3 4 5 6 7 8 9 10 11 12:13.918:2.126 0.568 3.309 -0.144 -0.543 1.309 0.309 -1.277 2.371 -0.031 -1.372 0.559
1 2 3 4 5 6 7 8 9 10 11 12:19.341:0.415 -0.31 2.817 1.298 1.343 1.028 0.89 1.294 4.464 1.627 1.391 2.464
1 2 3 4 5 6 7 8 9 10 11 12:11.943:0.48 -1.625 -0.636 -0.285 1.077 -0.52 -0.054 3.635 -1.637 -1.051 0.873 0.07
1 2 3 4 5 6 7 8 9 10 11 12:23.742:-3.261 -0.089 -5.187 -1.999 -0.41 -1.838 -0.926 -3.412 2.634 -0.199 -1.978 -1.809
1 2 3 4 5 6 7 8 9 10 11 12:11.667:-0.797 1.115 0.156 2.769 0.864 0.66 -1.089 0.294 -0.13 -0.041 1.892 1.86
1 2 3 4 5 6 7 8 9 10 11 12:14.298:1.959 1.836 1.4 0.39 0.571 1.205 1.952 0.391 3.129 0.531 0.619 0.315
1 2 3 4 5 6 7 8 9 10 11 12:10.492:-0.03 -0.763 -1.449 -0.177 -0.446 -0.155 -0.164 -1.072 -3.152 -1.096 -1.23 -0.758
1 2 3 4 5 6 7 8 9 10 11 12:12.225:-0.39 -2.151 -0.623 -2.052 0.122 -2.131 -1.295 -0.197 -0.629 -1.342 0.872 -0.421
1 2 3 4 5 6 7 8 9 10 11 12:40.867:-3.851 -2.61 -3.168 -4.298 -5.004 -2.682 -2.341 -3.85 -2.729 -1.588 -5.802 -2.944
1 2 3 4 5 6 7 8 9 10 11 12:42.291:-6.381 -3.383 -5.968 -3.283 -4.925 -1.348 -2.403 -2.977 -2.852 -1.809 -5.636 -1.326
1 2 3 4 5 6 7 8 9 10 11 12:14.636:1.583 -0.687 0.516 -0.312 3.063 -0.897 -0.987 0.423 1.348 -1.624 1.944 -1.252
1 2 3 4 5 6 7 8 9 10 11 12:26.895:-4.014 -2.854 -3.461 -1.018 -2.229 -1.719 -0.358 -1.581 -2.077 -0.372 -5.041 -2.171
1 2 3 4 5 6 7 8 9 10 11 12:13.830:3.117 0.356 2.738 0.791 1.028 -0.518 -0.659 2.248 0.118 -1.523 0.143 -0.591
1 2 3 4 5 6 7 8 9 10 11 12:38.923:3.131 1.975 2.244 3.884 5.088 2.821 2.145 4.398 3.76 3.053 4.728 1.696
1 2 3 4 5 6 7 8 9 10 11 12:25.458:-4.005 -1.425 -2.082 -3.285 -2.063 -0.573 -1.584 -1.003 -2.443 -1.94 -3.01 -2.045
1 2 3 4 5 6 7 8 9 10 11 12:42.654:2.246 2.774 3.428 4.49 3.912 2.816 2.275 7.801 5.449 2.15 2.821 2.492
1 2 3 4 5 6 7 8 9 10 11 12:12.745:-0.444 1.656 1.5 0.822 0 -1.101 2.052 2.068 -1.505 -0.184 0.549 0.864
1 2 3 4 5 6 7 8 9 10 11 12:10.527:-2.314 0.079 0.31 0.297 1.655 -0.431 -0.328 -2.394 1.041 0.357 0 -1.321
1 2 3 4 5 6 7 8 9 10 11 12:13.847:-0.626 2.799 -2.728 -2.291 -1.221 -1.104 -0.091 1.415 -0.255 -0.94 -0.273 0.104
1 2 3 4 5 6 7 8 9 10 11 12:17.494:-0.775 1.12 -1.421 -1.967 0.865 -1.014 -1.265 -1.209 -3.776 -1.125 -2.326 -0.631
1 2 3 4 5 6 7 8 9 10 11 12:21.456:0.969 2.947 1.423 2.585 2.614 0.653 -0.258 3.766 2.099 1.247 1.681 1.214
1 2 3 4 5 6 7 8 9 10 11 12:14.257:-1.164 -0.828 -1.16 -2.219 -0.557 -1.149 -1.699 -1.18 -0.404 -0.481 -1.102 -2.314
1 2 3 4 5 6 7 8 9 10 11 12:17.508:3.404 -0.187 0.454 0.346 4.363 3.258 1.951 -0.275 -0.224 1.804 -0.139 1.103
1 2 3 4 5 6 7 8 9 10 11 12:24.373:2.386 1.705 1.224 4.369 0.882 0.525 1.718 2.67 1.528 1.317 2.929 3.12
1 2 3 4 5 6 7 8 9 10 11 12:19.958:1.6 0.27 0.707 3.305 0.608 -0.187 1.322 1.166 1.967 0.083 5.285 3.458
1 2 3 4 5 6 7 8 9 10 11 12:11.862:0.056 1.654 -0.758 -2.026 -0.756 1.025 -0.535 1.241 -0.396 0.519 1.287 -1.609
1 2 3 4 5 6 7 8 9 10 11 12:19.326:-5.368 -0.482 0.633 2.104 -0.762 -0.675 -0.387 -0.525 -4.797 -0.31 2.922 0.361
1 2 3 4 5 6 7 8 9 10 11 12:24.179:-2.195 9.027 0.278 2.026 1.765 -0.704 2.082 0.88 -1.526 2.098 0.617 0.981
1 2 3 4 5 6 7 8 9 10 11 12:13.274:0.233 1.005 -0.941 0.627 1.621 1.561 2.111 1.92 0.315 -0.36 0.859 1.721
1 2 3 4 5 6 7 8 9 10 11 12:19.269:-0.999 -0.726 -0.261 2.7 -0.408 -0.695 -0.135 -3.253 -0.733 -2.595 5.353 1.411
1 2 3 4 5 6 7 8 9 10 11 12:7.872:1.035 1.362 1.102 0.91 0.298 0.241 -0.07 0.531 0.444 0.996 -0.693 0.19
1 2 3 4 5 6 7 8 9 10 11 12:15.868:-1.162 -1.322 -1.976 -1.804 -2.563 0.296 -1.79 -1.761 0.394 1.032 0.233 -1.535
1 2 3 4 5 6 7 8 9 10 11 12:19.994:2.691 0.327 -10.1 0.476 0.267 2.605 0.094 0.538 -0.379 0.939 -1.044 0.534
1 2 3 4 5 6 7 8 9 10 11 12:18.727:4.079 -3.78 -1.09 0 0.304 1.106 -0.011 -0.713 0.744 0.381 -5.979 0.54
1 2 3 4 5 6 7 8 9 10 11 12:9.209:0.489 -0.941 -1.42 -0.44 0.986 0.063 -0.429 -0.628 -1.125 0.039 -2.12 -0.529
1 2 3 4 5 6 7 8 9 10 11 12:17.363:-0.324 0.058 0.451 0.748 3.041 -0.439 0.437 3.342 0.861 -0.513 5.223 1.926
1 2 3 4 5 6 7 8 9 10 11 12:10.582:0.285 0.469 -2.418 -2.43 -0.656 -0.69 -0.369 -0.087 0.409 -0.011 1.211 1.547
1 2 3 4 5 6 7 8 9 10 11 12:19.338:-0.138 0.559 -1.053 9.547 0.477 0.778 1.348 0.262 -0.742 -0.913 0.12 3.401
1 2 3 4 5 6 7 8 9 10 11 12:21.258:4.395 0.086 1.352 5.021 0.803 -0.03 -0.763 0.175 0.424 0.574 7.407 0.228
1 2 3 4 5 6 7 8 9 10 11 12:17.031:-2.202 -3.434 -2.887 -0.511 -0.072 1.087 0.022 0.348 -1.884 0.99 -2.002 -1.592
1 2 3 4 5 6 7 8 9 10 11 12:18.251:-0.772 0.83 1.937 -2.236 -2.138 5.667 -0.456 -0.087 1.122 -0.682 1.589 -0.735
1 2 3 4 5 6 7 8 9 10 11 12:11.669:2.021 0.035 -0.221 1.329 0.74 0.242 -1.28 -0.174 1.136 1.248 -1.788 -1.455
1 2 3 4 5 6 7 8 9 10 11 12:7.766:-0.354 0.899 1.306 -0.58 0.037 0.245 1.872 -0.522 -0.009 -0.541 0 1.401
1 2 3 4 5 6 7 8 9 10 11 12:11.405:-1.436 -0.379 -1.858 0.215 -2.168 0.859 0.208 -0.087 -0.759 2.798 0.455 -0.183
1 2 3 4 5 6 7 8 9 10 11 12:10.183:-2.225 0.327 -1.603 0.245 1.352 -0.903 0.679 -1.401 0.21 -0.781 0.34 -0.117
1 2 3 4 5 6 7 8 9 10 11 12:11.762:0.213 0.117 -2.15 -0.367 -1.667 -0.263 0.06 -0.799 -1.557 0.461 3.499 0.609
1 2 3 4 5 6 7 8 9 10 11 12:13.461:0.466 1.263 -2.451 -0.736 -0.226 -1.025 0.114 0.895 0.917 -0.788 3.817 -0.763
1 2 3 4 5 6 7 8 9 10 11 12:11.045:0.439 0 1.375 2.996 -0.718 -0.147 0.25 0.799 2.669 -0.224 1.261 0.167
1 2 3 4 5 6 7 8 9 10 11 12:13.727:0.996 0.534 0.702 1.259 2.206 0.26 0.406 0.352 0.423 0.701 4.461 1.427
1 2 3 4 5 6 7 8 9 10 11 12:10.415:1.996 0.44 -1.301 0.918 -0.744 1.626 1.229 -0.351 0.102 -0.435 0.993 0.28
1 2 3 4 5 6 7 8 9 10 11 12:17.622:0.22 1.047 3.129 -1.496 -0.6 -0.461 -0.911 2.201 0.983 -0.846 5.408 -0.32
1 2 3 4 5 6 7 8 9 10 11 12:8.529:0.157 0.445 2.373 0 0.943 -1.06 0.64 1.206 0.906 -0.228 -0.373 0.198
1 2 3 4 5 6 7 8 9 10 11 12:13.065:-1.785 0.095 4.368 -0.03 -1.009 -0.166 1.121 -1.277 -1.44 0.081 -1.685 -0.008
1 2 3 4 5 6 7 8 9 10 11 12:14.210:1.905 0.975 1.815 -0.924 -0.755 0.663 0.65 1.034 -1.084 1.117 -2.286 -1.002
1 2 3 4 5 6 7 8 9 10 11 12:13.971:-0.016 0.288 -1.216 3.308 0.951 0.687 -1.333 0.256 0.522 -0.655 3.801 0.938
1 2 3 4 5 6 7 8 9 10 11 12:8.563:1.431 0.144 1.953 -0.32 0.414 -0.766 -1.021 0.426 0.409 -0.181 1.408 -0.09
1 2 3 4 5 6 7 8 9 10 11 12:13.535:0.432 -0.657 0.354 0.438 3.039 0.364 0.322 2.373 1.425 0.396 2.13 1.605
1 2 3 4 5 6 7 8 9 10 11 12:10.004:-0.315 0.606 1.453 1.425 -1.821 -0.112 -1.173 -0.083 -0.954 -0.165 0.544 -1.353
1 2 3 4 5 6 7 8 9 10 11 12:13.728:3.474 1.105 0.92 1.204 -2.003 -0.043 -0.054 -1.74 -1.643 -1.23 0 -0.312
1 2 3 4 5 6 7 8 9 10 11 12:24.376:0.194 2.7 1.946 6.657 2.763 0.562 1.057 0.675 2.25 -0.756 4.058 0.758
1 2 3 4 5 6 7 8 9 10 11 12:12.890:1.367 -0.601 -1.809 0.186 -1.4 0.713 -0.215 -1.843 0.978 -0.472 -2.513 0.793
1 2 3 4 5 6 7 8 9 10 11 12:9.193:-0.704 0.53 -0.02 0.769 0.112 0.779 0.043 0.853 0.353 -1.181 3.289 -0.56
1 2 3 4 5 6 7 8 9 10 11 12:16.278:-1.964 0.634 1.924 1.552 1.679 0.277 0.285 1.777 2.337 0.147 3.098 0.604
1 2 3 4 5 6 7 8 9 10 11 12:13.153:1.22 -0.233 -0.119 -0.699 0.367 0.846 -1.2 4.239 1.474 0.252 -1.085 1.419
1 2 3 4 5 6 7 8 9 10 11 12:12.170:-0.469 -0.451 -0.119 -3.705 0.804 -1.832 -1.405 -0.159 -1.081 -0.534 0.084 -1.527
1 2 3 4 5 6 7 8 9 10 11 12:15.438:-0.291 -0.325 -1.494 -1.382 -1.306 0.481 -0.748 -1.038 -0.811 -1.216 -4.3 -2.046
1 2 3 4 5 6 7 8 9 10 11 12:8.015:0.532 1.187 -0.91 0.247 0.588 0.311 0.493 0.888 -0.488 0.956 -1.233 0.182
1 2 3 4 5 6 7 8 9 10 11 12:8.613:0.865 0.375 -0.694 0.658 -1.388 -0.69 0.359 -1.68 0.417 -0.595 -0.892 0
1 2 3 4 5 6 7 8 9 10 11 12:26.219:-0.931 -1.837 -0.082 -3.322 -3.001 -0.967 -1.918 -4.068 -2.185 -1.76 -4.32 -1.828
1 2 3 4 5 6 7 8 9 10 11 12:16.530:0.209 -1.368 -4.688 -0.535 -2.254 -0.343 -0.179 -3.393 -1.801 0.631 1.129 0
1 2 3 4 5 6 7 8 9 10 11 12:39.212:-4.051 -1.408 -2.265 -4.275 -4.299 -0.893 -1.319 -6.936 -2.737 -0.225 -7.535 -3.269
1 2 3 4 5 6 7 8 9 10 11 12:43.764:1.668 2.438 3.201 4.762 6.778 1.99 1.627 5 4.169 -0.461 7.646 4.024
1 2 3 4 5 6 7 8 9 10 11 12:9.525:1.267 0.377 1.369 0.282 1.683 0.101 0.834 0.539 0.556 0.405 1.308 0.804
1 2 3 4 5 6 7 8 9 10 11 12:8.293:-0.023 -0.805 -1.667 2.365 0.527 -0.08 -0.189 -0.179 0.981 -0.044 1.292 -0.141
1 2 3 4 5 6 7 8 9 10 11 12:15.134:0.332 1.065 1.288 1.953 2.993 0.706 1.012 1.611 1.4 -0.074 0.911 1.789
1 2 3 4 5 6 7 8 9 10 11 12:13.579:-1.646 -0.086 -0.763 0.189 1.017 -0.801 -1.894 3.612 -0.898 0.467 1.895 0.311