1 2 3 4 5 6 7 8 9:20.465:1.178 1.117 0.431 7.386 2.135 4.1 1.762 0.06 2.296
1 2 3 4 5 6 7 8 9:13.583:-2.453 -1.326 -0.904 -4.176 -0.465 2.156 -1.342 -0.539 0.222
1 2 3 4 5 6 7 8 9:15.022:-2.168 -1.6 -1.556 -1.87 -3.964 2.924 -0.613 -0.241 0.086
1 2 3 4 5 6 7 8 9:33.382:2.313 3.335 3.958 5.39 2.626 -1.425 2.905 5.665 5.765
1 2 3 4 5 6 7 8 9:29.661:0.458 6.078 4.885 3.738 2.691 3.651 1.78 2.521 3.859
1 2 3 4 5 6 7 8 9:10.917:-1.846 0.663 -0.323 0.942 -0.838 -2.46 -0.05 -1.355 2.44
1 2 3 4 5 6 7 8 9:10.533:-1.26 -0.48 1.123 2.737 3.75 -0.142 -0.531 0.226 0.284
1 2 3 4 5 6 7 8 9:15.533:0.139 -2.772 -1.2 -0.267 3.52 2.486 2.935 -1.201 -1.013
1 2 3 4 5 6 7 8 9:27.677:-3.519 -3.688 -1.864 -2.342 -6.263 -1.686 -0.534 -4.304 -3.477
1 2 3 4 5 6 7 8 9:25.875:-5.414 -0.839 -2.446 -6.507 -5.655 -1.952 -0.568 -0.898 -1.596
1 2 3 4 5 6 7 8 9:15.401:0.882 0.239 0.351 2.058 8.46 -1.113 1.421 -0.576 -0.301
1 2 3 4 5 6 7 8 9:20.035:4.098 1.565 1.732 -0.01 3.149 1.874 1.475 2.715 3.417
1 2 3 4 5 6 7 8 9:16.416:-2.5 -0.595 0.019 -2.728 -5.06 -2.82 -1.056 -1.447 0.191
1 2 3 4 5 6 7 8 9:13.007:-2.492 -0.755 0.086 -1.254 -4.817 -0.1 0.893 -2.374 -0.236
1 2 3 4 5 6 7 8 9:15.371:-3.747 -3.885 -1.175 -0.906 -2.221 -0.497 -0.357 -0.897 -1.686
1 2 3 4 5 6 7 8 9:19.328:2.102 0.844 -1.819 3.389 5.241 -0.333 -0.919 2.577 2.104
1 2 3 4 5 6 7 8 9:17.418:-1.142 -2.255 -1.906 -1.365 -2.047 -1.911 -1.978 -1.555 -3.259
1 2 3 4 5 6 7 8 9:16.396:-1.128 -2.136 -2.911 -0.175 0.529 -1.553 -2.665 -2.058 -3.241
1 2 3 4 5 6 7 8 9:10.925:1.296 1.57 1.763 -0.662 1.738 -0.091 0.9 -2.044 0.861
1 2 3 4 5 6 7 8 9:18.496:1.207 2.833 0.821 2.562 2.964 2.801 2.042 1.641 1.625
1 2 3 4 5 6 7 8 9:16.716:2.862 0.55 1.054 6.61 0.639 1.16 -0.106 2.533 1.202
1 2 3 4 5 6 7 8 9:6.332:0.426 -0.302 -0.413 -0.042 2.066 0.503 -0.502 -1.248 -0.83
1 2 3 4 5 6 7 8 9:16.055:-1.383 -1.134 -0.567 -4.16 4.153 -1.817 -0.818 -1.011 -1.012
1 2 3 4 5 6 7 8 9:19.911:4.23 1.226 2.472 -0.552 -0.994 3.955 1.778 2.413 2.291
1 2 3 4 5 6 7 8 9:8.917:-2.342 -0.642 0.153 -0.831 -1.179 0.925 -1.157 -0.758 0.93
1 2 3 4 5 6 7 8 9:9.104:2.437 0.825 -0.693 -1.669 -1.744 -0.489 1.146 -0.021 -0.08
1 2 3 4 5 6 7 8 9:7.246:1.341 1.141 -0.297 0.661 -1.583 -0.442 -0.227 1.098 -0.456
1 2 3 4 5 6 7 8 9:7.610:-1.091 -1.031 1.327 0.337 0.746 0.892 -0.474 0.568 1.144
1 2 3 4 5 6 7 8 9:6.762:-0.639 -0.599 -0.011 -0.191 -0.515 1.479 -1.597 -1.211 -0.52
1 2 3 4 5 6 7 8 9:9.775:0.767 -0.152 -1.47 -2.164 2.853 0.347 -0.855 0.746 -0.421
1 2 3 4 5 6 7 8 9:10.877:-1.212 -1.049 -0.705 -1.75 0.256 -2.407 -1.277 -0.497 -1.724
1 2 3 4 5 6 7 8 9:11.009:1.034 0.875 0.87 -0.119 -0.317 3.337 -0.517 3.301 0.639
1 2 3 4 5 6 7 8 9:6.944:-1.523 -0.137 -0.089 -1.308 -0.587 -0.133 0.474 -1.977 -0.716
1 2 3 4 5 6 7 8 9:25.073:-3.861 -3.157 -2.021 -0.705 -4.026 0.643 -3.692 -4.351 -2.617
1 2 3 4 5 6 7 8 9:10.169:-0.229 -1.109 0.091 -1.032 -3.008 2.68 0.735 -0.521 -0.764
1 2 3 4 5 6 7 8 9:12.321:1.343 0.665 0.628 -0.954 1.41 -2.903 -1.077 1.512 1.829
1 2 3 4 5 6 7 8 9:13.576:0.817 1.725 0.02 -1.674 5.042 -2.559 1.253 -0.214 -0.272
1 2 3 4 5 6 7 8 9:18.678:0.838 -2.399 -1.667 -1.549 -2.028 0.548 -2.848 -4.04 -2.761
1 2 3 4 5 6 7 8 9:10.329:-1.408 2.298 1.093 0.228 0.403 -1.25 0.833 1.817 0.999
1 2 3 4 5 6 7 8 9:34.434:3.877 2.515 2.96 6.229 5.886 2.974 2.809 3.323 3.861
1 2 3 4 5 6 7 8 9:14.029:2.816 1.206 2.993 2.044 -0.639 0.471 1.755 0.92 1.185
1 2 3 4 5 6 7 8 9:6.798:-1.458 -0.751 -0.982 0.346 -0.868 -0.513 -0.307 -0.815 0.758
1 2 3 4 5 6 7 8 9:18.565:-1.893 -1.722 -1.026 -2.027 -2.46 -3.117 -1.366 -0.863 -4.091
1 2 3 4 5 6 7 8 9:11.841:-0.87 2.167 1.447 0.547 3.531 -1.386 -0.037 0.917 -0.939
1 2 3 4 5 6 7 8 9:9.610:0.767 1.17 0.734 0.784 0.923 -1.188 1.463 2.029 0.552
1 2 3 4 5 6 7 8 9:23.701:5.854 1.577 1.68 5.966 0.717 3.377 0.656 2.085 1.789
1 2 3 4 5 6 7 8 9:8.372:-0.435 -0.936 0.49 -2.734 -0.659 -1.798 -0.423 -0.545 -0.352
1 2 3 4 5 6 7 8 9:10.828:3.795 1.338 -0.091 1.775 -0.257 0.702 0.268 2.332 0.27
1 2 3 4 5 6 7 8 9:19.017:5.951 1.501 0.757 0.7 1.689 6.285 1.432 -0.01 0.692
1 2 3 4 5 6 7 8 9:17.871:-1.47 -1.966 0.217 -1.644 -6.884 -2.716 0.093 -0.633 -2.248
1 2 3 4 5 6 7 8 9:22.530:-2.548 -4.02 -3.598 -1.009 -1.562 -2.735 -2.456 -2.338 -2.264
1 2 3 4 5 6 7 8 9:11.451:3.213 1.34 0.55 1.688 1.703 1.743 0.451 -0.678 0.085
1 2 3 4 5 6 7 8 9:12.222:-1.535 1.905 1.96 0.442 0.152 0.225 2.605 2.436 0.962
1 2 3 4 5 6 7 8 9:5.630:-1.871 0.215 0.055 -1.432 -0.971 0.389 0.414 0.03 0.253
1 2 3 4 5 6 7 8 9:11.773:-1.427 -0.53 -1.298 -1.544 -2.822 -0.245 -0.684 -2.14 -1.083
1 2 3 4 5 6 7 8 9:16.603:-2.628 -1.906 -1.474 -3.386 -0.242 0.039 -1.802 -2.364 -2.762
1 2 3 4 5 6 7 8 9:12.757:1.623 0.157 0.18 2.855 2.251 -2.262 0.064 2.302 1.063
1 2 3 4 5 6 7 8 9:39.995:5.148 4.032 3.675 5.466 3.61 8.546 3.143 2.513 3.862
1 2 3 4 5 6 7 8 9:11.653:-0.714 -1.178 -1.245 -2.611 0.502 1.411 0.463 -2.254 -1.275
1 2 3 4 5 6 7 8 9:10.993:0.171 1.537 1.254 1.443 2.513 -2.836 -0.341 -0.282 0.616
1 2 3 4 5 6 7 8 9:19.656:3.851 3.288 1.783 3.81 1.448 0.349 2.27 0.757 2.1
1 2 3 4 5 6 7 8 9:5.011:-1.24 -0.493 0.082 -0.28 -0.513 -0.57 0.797 -0.636 0.4
1 2 3 4 5 6 7 8 9:14.840:3.625 0.856 1.357 0.961 3.456 -0.725 0.205 1.115 2.54
1 2 3 4 5 6 7 8 9:9.804:-0.924 0.029 0.675 0.642 0.929 1.61 1.405 2.654 0.936
1 2 3 4 5 6 7 8 9:13.187:2.887 0.761 0.083 1.215 1.559 2.392 0.148 2.332 1.81
1 2 3 4 5 6 7 8 9:22.217:-1.564 -3.444 -1.062 -2.76 -2.512 -3.459 -2.279 -1.249 -3.888
1 2 3 4 5 6 7 8 9:35.182:-7.305 -2.576 -2.006 -3.511 -5.261 -3.325 -4.389 -3.654 -3.155
1 2 3 4 5 6 7 8 9:21.288:5.347 0.864 -2.605 -1.535 2.51 1.052 3.702 -0.868 2.805
1 2 3 4 5 6 7 8 9:20.919:4.167 2.102 -0.514 1.105 -1.135 0.491 -0.739 1.727 8.939
1 2 3 4 5 6 7 8 9:9.520:-1.901 -1.792 0.65 -0.649 -1.416 -0.301 -1.044 -1.01 0.757
1 2 3 4 5 6 7 8 9:18.116:-3.267 -3.348 -0.822 -2.316 -2.914 -2.672 -0.546 -1.67 -0.561
1 2 3 4 5 6 7 8 9:14.803:-4.354 0.062 -0.019 -1.36 -2.183 -0.899 -0.819 -1.586 3.521
1 2 3 4 5 6 7 8 9:14.469:-0.971 -0.65 -1.28 -0.363 3.566 3.272 -0.298 -1.819 -2.25
1 2 3 4 5 6 7 8 9:10.866:-1.505 -2.81 0.731 0.846 -0.825 1.639 -0.28 1.263 0.967
1 2 3 4 5 6 7 8 9:6.977:1.068 0.005 0.368 -0.619 -1.078 -1.111 1.006 0.733 0.989
1 2 3 4 5 6 7 8 9:8.403:1.061 -0.544 0.556 -0.482 1.225 2.566 -0.252 0.841 0.876
1 2 3 4 5 6 7 8 9:5.136:-0.687 -1.543 0.026 -1.024 0.143 1.292 -0.309 -0.051 -0.061
1 2 3 4 5 6 7 8 9:12.249:0.721 -1.165 -0.147 1.019 3.833 -0.378 -2.53 -1.689 0.767
1 2 3 4 5 6 7 8 9:8.296:1.175 0.973 -0.17 0.857 2.51 1.19 0.044 -0.281 -1.096
1 2 3 4 5 6 7 8 9:17.664:-1.807 -0.744 -1.675 -1.968 -7.932 -1.728 0.42 0.282 -1.108
1 2 3 4 5 6 7 8 9:9.167:1.489 0.938 0.91 1.787 -0.297 -0.444 1.507 0 1.795
1 2 3 4 5 6 7 8 9:35.397:17.402 0.726 1.498 -2.626 -0.728 5.658 0.509 1.827 4.423
1 2 3 4 5 6 7 8 9:4.982:-0.453 0.044 -0.665 -1.148 -1.089 0.011 0.689 0.307 0.576
1 2 3 4 5 6 7 8 9:12.850:-4.693 -0.267 -0.961 -2.737 -0.617 -0.122 0.402 0.974 2.077
1 2 3 4 5 6 7 8 9:13.516:6.092 -0.728 -0.664 -1.271 0.982 0.258 -0.728 -1.358 -1.435
1 2 3 4 5 6 7 8 9:10.063:-0.769 -0.132 -0.274 1.192 0.318 -2.669 -1.121 -1.505 -2.083
1 2 3 4 5 6 7 8 9:8.912:-1.254 0.469 -0.799 -1.738 0.041 -0.584 -1.169 -1.055 -1.803
1 2 3 4 5 6 7 8 9:6.763:0.534 1.296 0.988 -0.409 1.067 -1.479 0.598 0.121 0.271
1 2 3 4 5 6 7 8 9:12.255:1.863 1.025 0.797 1.444 2.873 0.156 0.621 1.825 1.651
1 2 3 4 5 6 7 8 9:9.655:-4.444 -0.021 -0.224 3.089 -0.081 0.156 -0.22 0.711 0.709
1 2 3 4 5 6 7 8 9:7.369:1.387 -0.752 0.172 -1.973 -1.04 -0.201 -0.714 -0.465 -0.665
1 2 3 4 5 6 7 8 9:6.566:0.211 0.676 1.135 -0.493 0.515 1.23 0.67 0.76 0.876
1 2 3 4 5 6 7 8 9:6.760:-1.195 0.231 -0.476 0.235 -1.378 2.458 0.032 0.326 0.429
1 2 3 4 5 6 7 8 9:10.933:1.562 0.836 1.005 1.18 1.113 2.757 1.055 0.91 0.515
1 2 3 4 5 6 7 8 9:19.890:4.275 0.553 2.618 2.491 3.334 1.79 1.429 1.526 1.874
1 2 3 4 5 6 7 8 9:12.422:0.323 -0.359 0.358 3.275 0.788 2.858 0.681 1.191 2.589
1 2 3 4 5 6 7 8 9:6.200:1.376 0.17 0.2 0.157 -0.741 -1.308 -1.058 0.608 -0.582
1 2 3 4 5 6 7 8 9:2.996:-0.412 0.127 -0.804 0.304 0.207 0.069 0.407 -0.424 0.242
1 2 3 4 5 6 7 8 9:6.970:1.677 0.582 -0.47 -1.313 -0.88 0.291 -0.195 0.866 0.696
1 2 3 4 5 6 7 8 9:8.008:-0.361 -0.731 -0.616 -1.342 -0.685 -2.174 -0.747 -1.315 0.037
1 2 3 4 5 6 7 8 9:6.435:1.924 -0.456 0.798 -0.025 1.238 0.634 0.377 -0.256 -0.727
1 2 3 4 5 6 7 8 9:4.661:1.362 -0.309 -0.288 0.498 0.713 -0.534 0.08 0.478 0.399
1 2 3 4 5 6 7 8 9:12.078:0.522 1.393 0.289 0.861 2.06 2.904 1.255 1.491 1.303
1 2 3 4 5 6 7 8 9:14.507:2.981 1.853 1.677 2.864 0.265 -1.649 0.532 2.257 0.429
1 2 3 4 5 6 7 8 9:6.909:0.639 0.424 0.166 -1.617 -1.641 -0.737 0.003 -0.52 -1.162
1 2 3 4 5 6 7 8 9:13.241:1.256 -0.283 0.636 2.498 2.607 2.395 0.517 1.202 1.847
1 2 3 4 5 6 7 8 9:15.797:2.106 1.528 1.587 3.445 2.27 2.319 1.772 0.761 0.009
1 2 3 4 5 6 7 8 9:5.902:-1.772 0.086 1.03 -0.157 -0.367 -0.746 0.078 -0.349 1.317
1 2 3 4 5 6 7 8 9:6.996:0.931 0.127 0.828 -0.335 -0.133 3.344 -0.415 -0.224 -0.659
1 2 3 4 5 6 7 8 9:6.626:0.828 -0.614 0.455 1.352 -0.521 1.809 0.356 0.216 -0.475
1 2 3 4 5 6 7 8 9:9.753:0.028 0.715 0.993 -0.934 -1.278 -2.821 1.325 1.038 0.621
1 2 3 4 5 6 7 8 9:8.104:-0.19 -1.13 0.535 -2.343 -0.484 -0.329 -0.616 -0.884 -1.593
1 2 3 4 5 6 7 8 9:5.984:0.947 0.692 -0.2 0.156 0.428 0.708 -0.734 -0.728 -1.391
1 2 3 4 5 6 7 8 9:9.049:-0.748 -0.193 0.77 0.783 0.631 -1.873 0.859 -0.536 2.656
1 2 3 4 5 6 7 8 9:8.016:-1.076 -0.735 -0.575 0.197 0.034 -1.175 -1.206 -0.071 -2.947
1 2 3 4 5 6 7 8 9:22.114:3.481 1.727 3.729 1.604 1.042 3.214 3.44 2.229 1.648
1 2 3 4 5 6 7 8 9:7.694:0.61 0.601 0.962 0.729 2.536 0.881 0.213 0.88 -0.282
1 2 3 4 5 6 7 8 9:9.042:0.604 -1.04 -0.152 -2.213 -1.421 -0.859 -1.303 1.432 -0.018
1 2 3 4 5 6 7 8 9:7.084:-1.483 -0.173 -0.557 0.291 0.253 1.793 0.123 -1.534 -0.877
1 2 3 4 5 6 7 8 9:9.071:2.364 -0.01 1.136 -1.52 0.358 2.303 0.147 0.671 0.562
1 2 3 4 5 6 7 8 9:8.051:0.873 0.203 -1.29 -1.339 -0.362 1.762 -0.127 -0.94 -1.155
1 2 3 4 5 6 7 8 9:3.608:0.08 -0.086 0.474 0.649 -0.532 -0.776 -0.48 0.392 -0.139
1 2 3 4 5 6 7 8 9:6.419:0.53 -0.498 0.711 0.094 0.789 -1.891 -0.134 -1.354 -0.418
1 2 3 4 5 6 7 8 9:8.717:-0.617 -0.786 -1.061 -0.628 -0.221 0.601 -1.768 -2.336 -0.699
1 2 3 4 5 6 7 8 9:6.064:1.238 0.339 0.154 0.337 0.976 2.2 0.388 -0.348 -0.084
1 2 3 4 5 6 7 8 9:9.398:5.172 0.149 -0.246 0.191 1.436 0.124 -0.502 1.362 -0.216
1 2 3 4 5 6 7 8 9:8.924:-2.42 0.005 0.138 0.287 -0.327 2.431 -1.545 -0.792 -0.979
1 2 3 4 5 6 7 8 9:5.228:0.728 0.266 -0.963 -0.46 -1.234 -0.637 -0.469 0.461 0.01
1 2 3 4 5 6 7 8 9:8.431:-1.547 -1.174 -0.187 -0.436 -3.023 -1.09 -0.174 -0.61 -0.19
1 2 3 4 5 6 7 8 9:36.026:4.961 2.221 2.068 4.901 2.884 8.423 0.847 2.7 7.021
1 2 3 4 5 6 7 8 9:36.927:1.211 5.084 0.247 4.876 18.904 0.568 -0.361 3.148 2.528
1 2 3 4 5 6 7 8 9:12.162:-0.912 -3.342 -1.604 -2.978 -1.865 0.05 -0.254 -0.836 0.321
1 2 3 4 5 6 7 8 9:7.407:-0.073 -0.478 -0.884 2.122 0.053 -1.983 -0.319 -0.811 -0.684
1 2 3 4 5 6 7 8 9:6.988:-0.069 -2.3 0.542 -0.502 0.179 1.097 0.666 -0.64 -0.993
1 2 3 4 5 6 7 8 9:20.250:2.684 0.143 2.59 1.114 3.688 1.22 0.329 5.648 2.834
1 2 3 4 5 6 7 8 9:13.850:0.541 1.574 0.016 -1.02 -0.962 5.537 -0.109 -1.532 2.559
1 2 3 4 5 6 7 8 9:9.053:0.621 0.634 0.846 -0.225 -1.512 2.332 -0.476 -0.955 -1.452
1 2 3 4 5 6 7 8 9:3.578:0.124 -0.83 -0.084 -0.046 1.522 0.288 -0.457 0.058 0.169
1 2 3 4 5 6 7 8 9:3.050:0.414 -0.897 0.19 0.182 -0.356 -0.343 0.467 -0.116 0.085
1 2 3 4 5 6 7 8 9:28.661:9.037 2.492 0.71 6.48 5.724 3.165 -0.063 0.737 -0.253
1 2 3 4 5 6 7 8 9:16.731:-1.695 1.722 -0.402 0.963 0.638 -2.616 -0.887 7.249 -0.559
1 2 3 4 5 6 7 8 9:9.079:1.145 1.02 1.307 0.386 -1.577 1.04 1.64 0.095 0.869
1 2 3 4 5 6 7 8 9:12.857:-3.452 0.391 1.45 0.38 -0.166 2.492 2.035 1.284 1.207
1 2 3 4 5 6 7 8 9:8.596:-4.85 0.048 -0.359 -0.538 -0.18 -1.059 -0.333 -0.795 -0.434
1 2 3 4 5 6 7 8 9:8.383:0.946 2.039 0.261 0.209 1.276 0.054 0.305 2.606 0.687
1 2 3 4 5 6 7 8 9:7.049:0.444 -1.055 -0.203 1.23 0.428 1.105 0.787 1.314 -0.483
1 2 3 4 5 6 7 8 9:4.098:0.208 0.057 0.794 -0.298 -0.07 0.273 0.39 1.807 -0.201
1 2 3 4 5 6 7 8 9:7.745:0.245 1.252 0.839 0.856 0.026 0.244 0.337 2.765 1.181
1 2 3 4 5 6 7 8 9:6.633:-2.506 0.306 0.018 -0.722 -0.985 -1.314 0.309 0.042 -0.431
1 2 3 4 5 6 7 8 9:18.569:3.332 2.77 0.718 2.58 0.001 3.421 0.226 4.756 0.765
1 2 3 4 5 6 7 8 9:11.059:-0.735 2.093 1.338 -0.298 1.043 -0.383 3.331 -0.245 1.593
1 2 3 4 5 6 7 8 9:5.679:-0.551 0.375 -0.456 -1.804 -0.606 -0.269 0.276 -1.106 -0.236
1 2 3 4 5 6 7 8 9:26.126:1.761 1.718 2.186 3.855 4.09 3.463 2.306 3.352 3.395
1 2 3 4 5 6 7 8 9:5.177:2.19 -0.761 -0.471 0.463 -0.035 0.095 0.211 -0.085 -0.866
1 2 3 4 5 6 7 8 9:7.834:-1.39 -1.49 -0.029 -1.276 1.06 0.132 -0.029 -0.942 -1.486
1 2 3 4 5 6 7 8 9:15.774:1.654 4.095 0.335 2.742 1.475 0.664 2.189 1.201 1.419
1 2 3 4 5 6 7 8 9:13.825:-0.905 -0.877 -1.029 -1.4 -2.491 -2.367 -0.665 3.344 0.747
1 2 3 4 5 6 7 8 9:6.871:1.139 0.126 0.854 2.118 0.802 -0.247 1.268 -0.017 -0.3
1 2 3 4 5 6 7 8 9:6.638:-0.605 1.135 -0.452 0.979 0.008 -1.751 0.351 -0.93 -0.427
1 2 3 4 5 6 7 8 9:16.698:2.179 -0.385 -1.094 1.867 3.097 5.524 1.315 -0.283 0.954
1 2 3 4 5 6 7 8 9:7.680:0.876 0.039 -0.629 0.752 -1.642 -1.028 -0.507 -1.813 -0.394
1 2 3 4 5 6 7 8 9:11.649:1.705 1.625 0.495 0.749 0.271 1.154 2.301 2.005 1.344
1 2 3 4 5 6 7 8 9:10.059:-0.791 -1.493 -1.682 -0.6 -0.453 -2.196 -1.888 -0.784 0.172
1 2 3 4 5 6 7 8 9:14.086:-0.186 0.695 0.677 2.053 3.718 1.91 3.279 0.104 1.464
1 2 3 4 5 6 7 8 9:14.264:1.654 0.171 0.684 1.341 7.224 2.203 0.138 0.289 0.56
1 2 3 4 5 6 7 8 9:13.899:0.72 2.162 1.749 -0.314 0.089 2.488 0.259 1.332 4.786
1 2 3 4 5 6 7 8 9:12.332:-1.921 -1.496 -1.373 -0.722 -0.702 -1.628 -0.937 -1.776 -1.777
1 2 3 4 5 6 7 8 9:6.867:-0.839 0.558 -0.785 -0.12 0.562 -0.61 -1.094 -0.512 -1.787
1 2 3 4 5 6 7 8 9:4.547:-0.412 0.82 -0.097 0.672 -0.496 1.192 0.457 0.378 0.023
1 2 3 4 5 6 7 8 9:7.589:1.23 0.822 0.018 1.001 1.343 0.222 1.423 -0.262 1.268
1 2 3 4 5 6 7 8 9:15.563:2.273 2.503 -0.34 1.666 3.904 1.842 1.055 1.577 0.403
1 2 3 4 5 6 7 8 9:14.874:1.393 2.793 1.5 1.245 0.742 4.463 1.767 0.882 0.089
1 2 3 4 5 6 7 8 9:7.402:1.791 -0.797 -0.538 0.397 -0.004 -0.533 -1.296 -1.126 -0.92
1 2 3 4 5 6 7 8 9:5.358:-0.38 0.016 -0.643 0.757 -0.411 0.608 -1.933 0.221 -0.389
1 2 3 4 5 6 7 8 9:12.868:-1.727 1.017 -0.204 -2.936 -2.326 -2.736 -0.114 -1.395 -0.413
1 2 3 4 5 6 7 8 9:20.063:3.38 1.83 1.813 3.466 2.743 2.905 1.032 2.124 0.77
1 2 3 4 5 6 7 8 9:11.430:0.522 1.231 -0.09 1.891 2.35 1.692 -0.021 3.551 0.082
1 2 3 4 5 6 7 8 9:13.585:1.662 0.973 1.494 3.221 1.916 2.693 0.184 0.522 0.92
1 2 3 4 5 6 7 8 9:9.301:-0.066 2.251 1.222 3.224 1.603 0.112 0.053 -0.444 0.326
1 2 3 4 5 6 7 8 9:28.674:-4.141 -4.638 -2.421 -4.03 -2.181 -3.711 -0.887 -3.324 -3.341
1 2 3 4 5 6 7 8 9:23.139:-3.699 -2.023 -1.978 -3.492 -2.84 -1.976 -1.506 -3.438 -2.187
1 2 3 4 5 6 7 8 9:8.608:0.88 0.961 0.305 -0.463 3.857 -0.303 0.337 -1.322 0.18
1 2 3 4 5 6 7 8 9:7.530:-0.369 -0.129 -1.008 0.358 -1.844 -1.296 -0.431 -1.057 -1.038
1 2 3 4 5 6 7 8 9:7.898:0.729 -0.453 -0.6 -0.249 -1.133 -2.517 -1.201 -0.677 0.339
1 2 3 4 5 6 7 8 9:8.977:1.107 0.385 0.817 -0.22 -0.435 2.077 1.155 2.027 0.754
1 2 3 4 5 6 7 8 9:10.334:0.833 2.072 0.837 0.475 0.931 1.69 1.59 1.001 0.905
1 2 3 4 5 6 7 8 9:12.982:-1.497 -2.276 -1.137 -1.328 -1.56 -0.945 -0.584 -1.939 -1.716
1 2 3 4 5 6 7 8 9:17.814:2.775 2.419 1.043 1.56 2.058 2.397 2.152 2.277 1.133
1 2 3 4 5 6 7 8 9:19.853:3.614 1.213 1.943 3.565 2.055 1.929 1.098 1.605 2.831
1 2 3 4 5 6 7 8 9:26.943:-5.027 -1.456 -1.909 -1.745 -2.03 -4.399 -6.353 -2.761 -1.263
1 2 3 4 5 6 7 8 9:12.705:-1.541 -4.033 -0.343 -0.939 -1.554 0.602 -0.889 -1.839 0.965
1 2 3 4 5 6 7 8 9:11.944:1.106 1.2 1.427 2.188 1.678 0.218 0.064 2.015 2.048
1 2 3 4 5 6 7 8 9:24.516:4.989 -1.122 0.383 2.479 2.649 4.354 -1.197 2.043 5.3
1 2 3 4 5 6 7 8 9:18.100:0.013 -2.378 4.453 -3.165 0.718 2.758 0.989 3.414 0.212
1 2 3 4 5 6 7 8 9:39.250:4.577 0.876 1.674 16.074 5.768 5.653 -0.356 4.018 0.254
1 2 3 4 5 6 7 8 9:10.773:-0.699 0.065 -1.087 1.24 -3.473 -2.151 -0.696 0.013 -1.349
1 2 3 4 5 6 7 8 9:25.634:-6.39 -1.801 -2.702 -4.133 -4.585 -2.124 -2.116 -0.978 -0.805
1 2 3 4 5 6 7 8 9:16.599:-0.935 -1.379 -1.93 -1.65 -3.137 -4.173 -0.953 -0.446 -1.996
1 2 3 4 5 6 7 8 9:16.733:-6.081 -2.395 -0.712 -2.018 -1.199 -1.567 -0.169 0.438 -2.154
1 2 3 4 5 6 7 8 9:7.317:0.37 0.12 -0.225 1.485 0.924 1.258 -0.296 2.572 0.067
1 2 3 4 5 6 7 8 9:12.698:-0.888 0.887 1.482 2.335 2.851 3.317 0.205 0.291 0.442
1 2 3 4 5 6 7 8 9:13.623:-0.19 -2.137 -1.449 0.463 -0.705 -2.408 -1.951 -2.204 -2.116
1 2 3 4 5 6 7 8 9:14.463:-3.234 -0.716 -2.122 -0.105 1.354 -1.073 -0.698 -3.616 -1.545
1 2 3 4 5 6 7 8 9:25.013:4.25 3.974 1.937 1.794 3.769 2.631 2.315 2.998 1.345
1 2 3 4 5 6 7 8 9:7.795:-0.669 -1.56 -0.126 -0.724 0.162 2.005 0.224 -2.073 -0.252
1 2 3 4 5 6 7 8 9:6.325:0.424 0.487 0.271 -0.25 1.326 -2.604 0.231 0.533 -0.199
1 2 3 4 5 6 7 8 9:4.082:0.326 0.574 0.364 0.43 0.724 0.523 0.47 0.487 0.184
1 2 3 4 5 6 7 8 9:13.597:3.35 -0.021 1.685 0.93 1.321 2.067 -0.168 3.344 0.711
1 2 3 4 5 6 7 8 9:4.739:2.481 -0.85 0.288 0.172 0.3 -0.356 0.084 0.193 0.015
1 2 3 4 5 6 7 8 9:3.302:-0.517 -0.311 -0.135 -0.056 -0.014 -0.296 -0.61 0.475 -0.888
1 2 3 4 5 6 7 8 9:9.768:0.412 -0.723 -0.394 1.652 1.528 -0.442 0.112 -2.85 -1.655
1 2 3 4 5 6 7 8 9:19.238:0.778 1.004 2.706 4.238 2.286 0.154 1.085 4.143 2.844
1 2 3 4 5 6 7 8 9:6.666:1.443 -0.128 0.39 -0.634 0.687 2.068 0.773 -0.369 -0.174
1 2 3 4 5 6 7 8 9:9.827:4.104 -0.636 0.288 1.305 0.783 0.923 0.087 1.314 0.387
1 2 3 4 5 6 7 8 9:12.986:2.055 -0.941 -0.271 1.45 5.748 -0.339 -0.97 1.159 0.053
1 2 3 4 5 6 7 8 9:21.232:-4.577 -2.798 -0.45 -3.372 -1.02 -3.006 -1.312 -3.133 -1.564
1 2 3 4 5 6 7 8 9:19.909:-2.582 -0.902 -1.124 -4.45 -4.791 -2.739 -0.498 -1.687 -1.136
1 2 3 4 5 6 7 8 9:6.930:0.509 0.225 -1.279 1.431 0.542 1.332 0.169 1.249 -0.194
1 2 3 4 5 6 7 8 9:13.952:-1.433 0.616 -2.355 -2.574 -1.556 -2.394 -0.605 -1.439 -0.98
1 2 3 4 5 6 7 8 9:9.845:2.326 0.478 1.557 1.493 0.963 1.539 0.076 1.382 0.031
1 2 3 4 5 6 7 8 9:22.180:-4.273 -1.311 -1.785 -2.942 -1.191 -6.206 0.028 -2.049 -2.395
1 2 3 4 5 6 7 8 9:11.844:0.476 2.081 0.278 1.508 -1.512 -2.311 1.6 0.606 1.472
1 2 3 4 5 6 7 8 9:11.744:2.623 0.485 0.961 0.906 1.503 -3.124 0.775 0.312 1.055
1 2 3 4 5 6 7 8 9:14.382:-0.976 1.585 0.131 1.505 1.406 4.022 1.379 2.994 -0.384
1 2 3 4 5 6 7 8 9:18.167:0.661 2.421 1.945 0.529 3.081 3.171 1.82 2.649 1.89
1 2 3 4 5 6 7 8 9:10.220:-1.182 -1.123 -0.726 -1.438 -1.866 -0.652 -0.067 -2.231 -0.935
1 2 3 4 5 6 7 8 9:26.944:-4.204 -2.975 -2.319 -4.275 -3.096 -2.073 -2.858 -2.608 -2.536
1 2 3 4 5 6 7 8 9:9.053:1.624 1.153 0.964 0.005 0.278 0.799 1.36 1.605 1.265
1 2 3 4 5 6 7 8 9:16.227:0.844 1.909 2.436 1.394 2.438 2.767 1.183 1.785 1.471
1 2 3 4 5 6 7 8 9:3.297:0.339 -0.26 0.576 -0.627 -0.116 0.053 -0.693 0.399 0.234
1 2 3 4 5 6 7 8 9:4.404:0.856 -0.543 -0.238 0.107 -0.356 0.03 0.973 -0.531 -0.77
1 2 3 4 5 6 7 8 9:15.537:3.031 -0.267 -0.83 2.38 2.074 2.873 -0.747 2.215 1.12
1 2 3 4 5 6 7 8 9:5.602:-0.676 0.28 0.43 -1.485 -0.702 -1.127 0.392 0.278 0.232
1 2 3 4 5 6 7 8 9:8.784:-2.328 -1.157 -1.024 0.084 -0.359 0.667 -1.475 -0.067 -1.623
1 2 3 4 5 6 7 8 9:10.552:0.801 0.944 2.157 2.455 1.924 0.042 0.315 0.673 1.241
1 2 3 4 5 6 7 8 9:14.122:0.702 1.005 2.78 2.029 -1.174 1.649 0.077 -0.593 4.113
1 2 3 4 5 6 7 8 9:26.331:-3.913 -0.982 -1.205 -3.471 -7.488 -5.056 -0.766 -2.727 -0.723
1 2 3 4 5 6 7 8 9:23.222:4.148 3.888 0.706 3.569 3.258 0.292 1.445 2.184 3.732
1 2 3 4 5 6 7 8 9:13.053:1.432 1.477 0.723 2.144 2.273 1.995 0.622 1.641 -0.746
1 2 3 4 5 6 7 8 9:8.327:-0.342 0.38 1.803 -1.298 -0.334 0.543 0.88 1.449 1.298
1 2 3 4 5 6 7 8 9:13.462:3.485 3.075 0.318 1.892 0.538 0.992 0.224 2.376 0.562
1 2 3 4 5 6 7 8 9:8.245:-0.486 0.158 0.142 0.205 2.469 0.384 0.686 3.55 0.165
1 2 3 4 5 6 7 8 9:9.838:0.668 1.318 1.171 1.263 0.037 3.08 0.283 1.182 0.836
1 2 3 4 5 6 7 8 9:4.646:-0.117 0.623 -0.13 -0.122 1.425 -0.595 -0.32 -1.066 -0.248
1 2 3 4 5 6 7 8 9:11.155:3.745 1.947 0.387 0.405 0.329 1.074 1.057 0.733 1.478
1 2 3 4 5 6 7 8 9:4.278:0.507 0.156 -0.269 0.542 0.457 1.527 0.123 -0.522 0.175
1 2 3 4 5 6 7 8 9:11.202:1.406 0.534 0.567 2.739 2.279 0.764 2.124 -0.321 0.468
1 2 3 4 5 6 7 8 9:9.706:2.214 0.55 0.037 0.384 3.314 -0.782 1.755 0.28 0.39
1 2 3 4 5 6 7 8 9:18.836:-2.717 -1.702 -2.87 -3.235 -1.246 -2.425 -0.613 -2.919 -1.109
1 2 3 4 5 6 7 8 9:13.761:-0.141 -1.972 -1.456 -1.72 -1.682 -1.702 -1.386 -2.616 -1.086
1 2 3 4 5 6 7 8 9:7.583:-2.95 0.44 -0.193 0.197 0.565 -0.52 1.209 0.694 0.815
1 2 3 4 5 6 7 8 9:14.899:-3.051 -0.19 2.009 -1.414 -3.097 -1.211 0.684 0.713 -2.53
1 2 3 4 5 6 7 8 9:12.248:3.344 4.313 0.262 0.994 0.876 0.203 0.929 1.233 0.094
1 2 3 4 5 6 7 8 9:5.144:0.368 0.633 1.178 -0.047 -0.387 0.312 -1.43 -0.386 -0.403
1 2 3 4 5 6 7 8 9:14.976:-1.066 -1.324 1.031 -0.532 0.6 2.749 0.984 -0.673 -6.017
1 2 3 4 5 6 7 8 9:11.134:-0.665 0.221 1.716 -0.761 -2.058 -1.277 1.802 1.103 -1.531
1 2 3 4 5 6 7 8 9:12.277:-1.064 -5.867 0.526 0.348 0.591 0.642 1.285 -0.883 1.071
1 2 3 4 5 6 7 8 9:22.880:-3.87 -3.098 -0.967 -3.287 -2.774 -2.531 -0.71 -3.579 -2.064
1 2 3 4 5 6 7 8 9:21.276:-0.036 -1.685 -2.796 -2.51 -6.327 -3.537 -1.903 0.563 -1.919
1 2 3 4 5 6 7 8 9:12.897:-1.801 -1.989 -2.322 -1.353 0.826 -1.205 -2.251 -0.192 -0.958
1 2 3 4 5 6 7 8 9:21.151:-2.081 -0.63 -2.084 -3.219 -6.038 -0.867 0.182 -4.4 -1.65
1 2 3 4 5 6 7 8 9:40.098:-7.219 -3.686 -2.738 -6.642 -5.255 -2.554 -1.621 -5.045 -5.338
1 2 3 4 5 6 7 8 9:10.122:-0.897 -0.107 -0.844 1.09 0.664 3.898 -0.038 -0.829 -1.755
1 2 3 4 5 6 7 8 9:38.673:-7.965 -4.089 -2.529 -4.78 -5.067 -4.188 -3.2 -3.665 -3.19
1 2 3 4 5 6 7 8 9:24.333:7.1 0.251 0.453 2.887 5.159 3.589 1.118 -2.418 1.358
1 2 3 4 5 6 7 8 9:27.394:2.127 1.754 2.965 6.069 2.467 2.211 1.252 4.845 3.704
1 2 3 4 5 6 7 8 9:11.544:-0.47 3.038 2.065 0.399 0.03 1.302 1.724 1.809 0.707
1 2 3 4 5 6 7 8 9:13.870:0.666 3.368 0.849 1.61 1.821 -0.612 1.462 -1.514 1.968
1 2 3 4 5 6 7 8 9:22.010:-2.992 -1.213 -2.717 -3.102 -3.934 -3.643 -0.819 -1.932 -1.658
1 2 3 4 5 6 7 8 9:6.569:0.355 0.609 0.147 1.35 -1.047 1.264 -0.254 -0.419 -1.124
1 2 3 4 5 6 7 8 9:12.221:-0.772 -0.554 -1.499 -2.457 -2.184 -0.965 -0.941 -0.269 -2.58
1 2 3 4 5 6 7 8 9:6.644:-1.662 0.397 0.134 0.266 -0.612 -1.35 -0.941 -0.699 0.583
1 2 3 4 5 6 7 8 9:17.816:3.981 1.631 1.165 2.389 3.572 1.632 0.457 1.436 1.553
1 2 3 4 5 6 7 8 9:10.905:-0.719 0.8 1.859 0.424 2.437 2.637 0.261 0.942 0.826
1 2 3 4 5 6 7 8 9:28.837:-3.974 -2.239 -2.727 -5.027 -4.282 -3.492 -2 -2.969 -2.127
1 2 3 4 5 6 7 8 9:21.559:-4.103 -1.482 -2.274 -1.908 -1.4 -3.385 1.05 -2.439 -3.518
1 2 3 4 5 6 7 8 9:28.349:3.425 1.928 3.332 3.692 2.923 3.24 2.251 3.561 3.997
1 2 3 4 5 6 7 8 9:5.129:-0.944 -0.064 -0.285 -1.635 -1.513 -0.165 -0.123 0.302 0.098
1 2 3 4 5 6 7 8 9:6.642:-1.643 -0.407 -0.49 -1.144 -1.088 0.689 -0.758 0.246 0.177
1 2 3 4 5 6 7 8 9:5.989:-1.553 0.168 -1.035 -1.239 0.229 0.412 0.256 -0.663 -0.434
1 2 3 4 5 6 7 8 9:11.588:2.14 -0.021 1.391 0.011 -1.782 1.421 -1.964 -1.373 1.485
1 2 3 4 5 6 7 8 9:12.396:0.118 -1.305 0.211 2.214 1.535 1.874 -3.576 -0.398 -1.165
1 2 3 4 5 6 7 8 9:4.696:0.42 0.3 0.49 -1.323 0.51 -0.447 -0.63 0.053 0.523
1 2 3 4 5 6 7 8 9:42.683:-4.747 -4.722 -3.712 -5.258 -3.698 -5.033 -4.55 -5.682 -5.281
1 2 3 4 5 6 7 8 9:29.944:6.527 2.836 0.98 2.042 3.099 3.335 3.501 4.254 3.37
1 2 3 4 5 6 7 8 9:11.455:0.746 -0.243 1.239 2.353 2.453 1.911 0.95 1.461 0.099
1 2 3 4 5 6 7 8 9:5.819:-0.949 -1.012 -0.746 0.197 0.154 1.317 -0.226 -1.11 -0.108
1 2 3 4 5 6 7 8 9:17.722:4.139 2.165 1.06 2.648 2.635 -0.125 -0.049 2.316 2.585
1 2 3 4 5 6 7 8 9:7.877:-0.341 -0.11 0.142 1.532 -0.969 1.318 -0.566 1.889 1.01
1 2 3 4 5 6 7 8 9:11.055:1.286 1.383 0.96 1.704 -0.068 -1.906 -1.119 -2.029 -0.6
1 2 3 4 5 6 7 8 9:24.487:1.915 1.828 2.204 3.622 4.667 1.564 3.301 2.658 2.728
1 2 3 4 5 6 7 8 9:14.415:-5.335 0.63 1.977 -0.982 -0.091 1.233 0.907 2.928 -0.332
1 2 3 4 5 6 7 8 9:14.342:-6.499 0.799 0.692 -1.395 2.487 -0.39 -0.321 -1.289 0.47
1 2 3 4 5 6 7 8 9:5.913:0.899 0.109 -0.214 -0.977 -0.043 2.623 -0.602 0.098 -0.348
1 2 3 4 5 6 7 8 9:12.922:1.789 0.788 3.771 0.774 0.624 0.829 1.218 1.09 2.039
1 2 3 4 5 6 7 8 9:27.925:-5.111 -2.162 -2.719 -3.739 -4.343 -3.802 -1.348 -2.954 -1.747
1 2 3 4 5 6 7 8 9:18.126:4.79 1.925 2.724 -0.2 0.022 -2.799 1.725 2.146 1.795
1 2 3 4 5 6 7 8 9:6.862:1.393 -0.217 -1.842 1.463 -0.464 0.287 0.461 0.242 0.493
1 2 3 4 5 6 7 8 9:8.633:0.518 -2.41 -0.084 -1.986 1.167 -0.097 -1.254 -0.917 -0.2
1 2 3 4 5 6 7 8 9:17.417:0.537 0.715 1.854 2.088 1.889 2.666 2.047 3.946 1.675
1 2 3 4 5 6 7 8 9:5.245:-0.499 0.366 -0.795 -0.732 0.396 1.702 0.309 0.257 0.189
1 2 3 4 5 6 7 8 9:12.957:0.981 0.966 0.764 1.722 2.847 2.85 1.009 1.712 -0.106
1 2 3 4 5 6 7 8 9:11.458:-1.248 -1.07 -0.538 0.096 -2.15 -1.623 -1.131 -2.423 -1.179
1 2 3 4 5 6 7 8 9:8.644:-1.931 -1.306 -0.141 -1.809 -0.73 1.799 0.007 -0.399 -0.522
1 2 3 4 5 6 7 8 9:6.795:1.621 0.322 0.646 -0.777 1.65 1.195 -0.063 -0.138 0.383
1 2 3 4 5 6 7 8 9:15.434:2.586 -0.214 0.952 4.749 2.725 1.508 0.707 -1.711 -0.282
1 2 3 4 5 6 7 8 9:7.672:-1.425 -0.124 0.152 -2.455 -0.078 -1.521 0.225 0.211 -1.481
1 2 3 4 5 6 7 8 9:6.215:-0.957 0.507 -0.173 0.294 0.313 -0.971 0.503 -0.824 1.673
1 2 3 4 5 6 7 8 9:10.902:2.191 1.488 -1.082 2.055 1.424 -0.945 0.309 0.777 0.631
1 2 3 4 5 6 7 8 9:6.987:1.02 0.708 -1.16 0.591 -0.448 0.175 1.179 -0.641 -1.065
1 2 3 4 5 6 7 8 9:14.753:-2.048 -2.087 -1.733 -0.191 -0.575 -3.631 -1.558 -1.995 -0.935
1 2 3 4 5 6 7 8 9:13.652:-1.682 0.239 -0.976 -1.885 -3.18 -1.024 -1.896 0.63 -2.14
1 2 3 4 5 6 7 8 9:4.396:-0.365 -0.678 0.199 -0.855 0.306 -0.122 0.041 -1.348 0.482
1 2 3 4 5 6 7 8 9:15.663:-1.391 -2.733 -2.648 -1.519 -3.888 -1.011 0.292 0.031 -2.15
1 2 3 4 5 6 7 8 9:19.134:-3.831 -0.207 -1.364 -2.462 -4.298 -2.298 -0.143 -2.36 -2.171
1 2 3 4 5 6 7 8 9:6.654:0.33 -0.535 0.35 2.17 -1.855 -0.213 -0.79 -0.322 0.089
1 2 3 4 5 6 7 8 9:36.324:-2.14 -2.075 -7.272 -2.735 -4.487 -5.602 -3.657 -4.672 -3.684
1 2 3 4 5 6 7 8 9:23.786:-1.092 -2.859 -3.664 -6.832 -2.217 -0.793 -1.592 -3.224 -1.513
1 2 3 4 5 6 7 8 9:15.989:-1.132 1.789 1.645 -5.52 -0.687 1.015 2.445 0.615 1.141
1 2 3 4 5 6 7 8 9:12.280:2.797 0.9 1.959 -1.806 1.519 0.509 2.02 0.267 0.503
1 2 3 4 5 6 7 8 9:8.266:0.884 0.259 -2.06 0.333 -3.367 -0.169 -0.444 -0.472 -0.278
1 2 3 4 5 6 7 8 9:22.205:-3.095 -1.107 -1.536 -4.668 -2.214 -3.488 -1.781 -2.763 -1.553
1 2 3 4 5 6 7 8 9:5.707:1.035 0.408 1.275 -0.802 0.737 -0.979 -0.054 0.398 -0.019
1 2 3 4 5 6 7 8 9:7.098:-0.245 0.119 -1.784 -0.003 -0.377 1.091 0.42 -1.113 -1.946
1 2 3 4 5 6 7 8 9:8.572:1.691 -0.283 1.919 1.435 1.091 0.013 0.649 0.797 0.694
1 2 3 4 5 6 7 8 9:12.365:2.415 -1.213 -0.951 -0.962 0.562 1.614 -1.049 -0.968 -2.631
1 2 3 4 5 6 7 8 9:19.639:-1.992 -1.144 -1.694 -2.529 -3.613 -3.626 -0.121 -2.208 -2.712
1 2 3 4 5 6 7 8 9:10.447:-1.411 -2.057 -0.354 0.456 -0.194 -2.055 -1.769 -1.494 -0.657
1 2 3 4 5 6 7 8 9:18.810:2.788 2.593 3.23 0.571 2.233 0.348 0.967 4.168 1.912
1 2 3 4 5 6 7 8 9:26.312:-6.381 -2.038 -2.669 -3.614 -3.905 0.033 -2.3 2.169 -3.203
1 2 3 4 5 6 7 8 9:14.364:-1.225 2.466 1.782 -3.137 0.746 -1.949 0.364 -2.293 -0.402
1 2 3 4 5 6 7 8 9:12.792:-5.399 -0.33 -1.105 -2.624 -0.178 0.339 -0.184 -1.495 -1.138
1 2 3 4 5 6 7 8 9:15.214:1.981 -1.086 -1.69 -1.879 -4.289 -0.87 -0.778 -1.437 -1.204
1 2 3 4 5 6 7 8 9:14.668:-1.819 -0.141 -1.176 -2.113 -3.598 -4.369 -0.098 -0.951 0.403
1 2 3 4 5 6 7 8 9:11.843:2.445 -0.684 -0.292 -1.208 -2.38 -2.744 0.183 -0.82 -1.087
1 2 3 4 5 6 7 8 9:10.123:1.401 -0.722 -1.017 -0.387 -2.794 1.4 -1.116 -1.147 -0.139
1 2 3 4 5 6 7 8 9:32.958:3.819 3.671 1.971 4.568 8.052 3.907 2.215 0.77 3.985
1 2 3 4 5 6 7 8 9:11.938:0.246 -0.85 -0.609 -1.585 2.616 2.659 -0.081 -2.182 -1.11
1 2 3 4 5 6 7 8 9:55.237:-7.228 -5.989 -5.437 -5.272 -7.185 -7.018 -5.418 -5.435 -6.255
1 2 3 4 5 6 7 8 9:14.249:3.333 1.927 1.962 1.294 0.816 0.057 0.952 2.035 1.873
1 2 3 4 5 6 7 8 9:12.708:1.749 -1.025 0.911 2.563 0.65 2.483 0.873 1.061 1.393
1 2 3 4 5 6 7 8 9:19.559:-3.611 -2.607 -1.866 -3.303 -0.712 -1.248 -1.016 -3.898 -1.298
1 2 3 4 5 6 7 8 9:36.643:-7.003 -1.744 -2.12 -4.649 -4.92 -5.786 -3.66 -3.478 -3.283
1 2 3 4 5 6 7 8 9:12.638:0.692 0.641 0.957 1.322 -1.183 2.32 1.872 1.74 1.911
1 2 3 4 5 6 7 8 9:29.475:5.567 2.366 2.626 3.194 3.971 3.547 1.064 4.14 3
1 2 3 4 5 6 7 8 9:35.993:6.179 3.586 4.479 4.83 3.677 4.128 3.494 3.628 1.992
1 2 3 4 5 6 7 8 9:7.839:0.339 0.082 -1.52 1.494 -2.042 0.265 -0.323 1.396 0.378
1 2 3 4 5 6 7 8 9:15.562:-3.018 -2.196 -1.666 -1.185 -0.375 -2.472 -0.272 -2.851 -1.527
1 2 3 4 5 6 7 8 9:16.836:1.231 2.142 1.992 3.1 3.4 2.176 2.021 -0.052 0.722
1 2 3 4 5 6 7 8 9:5.898:-2.085 0.317 0.908 0.033 -0.967 -0.636 0.501 0.166 0.285
1 2 3 4 5 6 7 8 9:9.778:-4.076 -0.547 0.549 0.001 -2.366 -1.166 -0.267 -0.322 -0.484
1 2 3 4 5 6 7 8 9:12.938:-1.566 -1.388 -1.526 -1.578 -1.258 -1.245 -1.989 -1.215 -1.173
1 2 3 4 5 6 7 8 9:6.973:-1.46 0.714 -0.445 1.134 0.225 0.634 1.233 -0.54 0.588
1 2 3 4 5 6 7 8 9:11.468:1.478 -0.15 1 1.288 1.815 2.793 0.674 1.281 0.989
1 2 3 4 5 6 7 8 9:19.266:-1.887 -1.293 -2.521 -0.898 -1.935 -3.278 -1.961 -2.525 -2.968
1 2 3 4 5 6 7 8 9:40.496:-4.929 -2.319 -3.541 -5.646 -5.754 -5.692 -4.176 -5.217 -3.222
1 2 3 4 5 6 7 8 9:12.851:-2.346 0.514 1.127 2.552 1.43 -2.484 -0.281 -2.072 -0.045
1 2 3 4 5 6 7 8 9:7.524:1.35 -0.702 -1.274 0.254 -0.126 1.405 -0.132 -0.98 -1.301
1 2 3 4 5 6 7 8 9:24.111:0.564 -2.52 -1.758 -3.345 -4.209 -1.278 -2.005 -4.387 -4.045
1 2 3 4 5 6 7 8 9:18.533:2.423 -0.643 -0.709 -1.428 -1.529 -5.011 -1.69 -1.051 -4.049
1 2 3 4 5 6 7 8 9:10.645:-0.181 0.136 1.935 -1.16 -2.015 -0.643 0.761 1.482 2.332
1 2 3 4 5 6 7 8 9:32.665:6.664 2.765 2.528 4.084 3.906 4.869 3.198 2.119 2.532
1 2 3 4 5 6 7 8 9:17.382:-2.537 -2.564 -0.872 -2.343 -3.362 0.083 0.342 -2.01 -3.269
1 2 3 4 5 6 7 8 9:18.770:5.018 1.035 1.058 2.761 2.161 1.043 2.664 1.133 1.897
1 2 3 4 5 6 7 8 9:10.379:-0.856 -0.468 -0.781 -2.401 -2.154 -2.174 -0.474 -0.999 -0.072
1 2 3 4 5 6 7 8 9:22.903:3.941 2.653 2.325 3.212 2.542 3.455 0.656 2.65 1.469
1 2 3 4 5 6 7 8 9:8.494:-1.475 0.967 0.376 1.424 0.878 1.377 0.104 1.34 0.553
1 2 3 4 5 6 7 8 9:14.745:-1.953 -1.437 -1.142 -3.214 -2.231 -2.375 -0.833 0.039 -1.521
1 2 3 4 5 6 7 8 9:14.248:-3.357 -1.448 -0.092 -2.727 -1.84 -0.89 -0.711 -2.066 -1.117
1 2 3 4 5 6 7 8 9:11.265:-1.448 0.216 1.197 0.638 -1.491 -2.306 1.469 1.07 1.43
1 2 3 4 5 6 7 8 9:7.509:0.51 0.948 0.581 -0.616 -0.419 -0.553 -2.415 -1.064 -0.403
1 2 3 4 5 6 7 8 9:8.272:1.047 -0.249 -0.81 -0.429 -0.6 -2.638 -0.58 0.325 -1.594
1 2 3 4 5 6 7 8 9:11.670:1.853 0.453 1.064 1.356 2.719 1.583 1.382 0.668 0.592
1 2 3 4 5 6 7 8 9:5.706:0.035 0.329 0.473 0.809 0.761 0.252 0.831 1.074 1.142
1 2 3 4 5 6 7 8 9:7.077:-0.078 -0.636 1.051 0.559 2.066 1.039 -0.681 0.563 -0.404
1 2 3 4 5 6 7 8 9:22.388:-2.878 -4.067 -2.727 -2.762 -0.17 -1.409 -4.644 -1.846 -1.885
1 2 3 4 5 6 7 8 9:10.284:0.438 -1.669 -2.345 0.747 -0.985 -1.654 -0.935 -1.012 -0.499
1 2 3 4 5 6 7 8 9:6.804:-0.367 -1.083 0.407 0.763 0.536 -0.827 -1.49 -0.732 -0.599
1 2 3 4 5 6 7 8 9:16.121:-2.512 -1.607 -1.08 -3.533 -1.673 -1.67 -1.316 -1.439 -1.291
1 2 3 4 5 6 7 8 9:11.096:-1.13 -2.198 0.105 2.606 1.383 1.438 -0.138 -0.205 -1.893
1 2 3 4 5 6 7 8 9:26.133:1.865 1.942 4.163 6.069 2.698 0.815 2.301 3.512 2.768
1 2 3 4 5 6 7 8 9:6.267:-0.873 -1.177 -0.386 2.258 0.405 -0.565 0.351 -0.03 0.222
1 2 3 4 5 6 7 8 9:32.159:3.643 3.113 2.099 3.101 6.814 5.103 2.945 3.751 1.59
1 2 3 4 5 6 7 8 9:8.769:2.4 0.768 1.161 1.919 0.299 0.146 0.395 -1.22 0.461
1 2 3 4 5 6 7 8 9:7.924:2.919 -0.454 -1.735 -0.555 0.167 0.743 -0.198 -0.392 -0.761
1 2 3 4 5 6 7 8 9:7.843:1.692 1.13 -0.179 -0.089 0.529 2.016 -0.134 -1.113 0.961
1 2 3 4 5 6 7 8 9:29.126:-2.297 -1.843 -3.488 -4.153 -5.43 -6.235 -1.606 -1.76 -2.314
1 2 3 4 5 6 7 8 9:14.232:2.296 1.637 1.371 2.295 1.248 1.855 2.341 0.831 0.358
1 2 3 4 5 6 7 8 9:23.530:1.547 1.901 3.151 5.352 3.198 0.823 2.247 3.012 2.299
1 2 3 4 5 6 7 8 9:17.215:2.815 0.243 2.129 1.756 3.281 2.844 1.27 1.026 1.851
1 2 3 4 5 6 7 8 9:3.627:-0.259 0.395 0.087 0.81 0.373 0.267 -0.094 0.091 1.251
1 2 3 4 5 6 7 8 9:9.565:-3.147 -0.116 -0.48 -1.637 -1.209 -1.004 -0.212 -1.62 0.14
1 2 3 4 5 6 7 8 9:11.279:1.292 0.647 1.458 2.024 -0.197 1.63 1.449 1.942 0.64
1 2 3 4 5 6 7 8 9:10.789:0.822 0.094 2.158 2.493 1.489 2.218 0.463 0.323 0.729
1 2 3 4 5 6 7 8 9:5.913:0.856 -0.037 1.047 0.41 1.038 0.987 0.301 0.204 1.033
1 2 3 4 5 6 7 8 9:5.059:-1.233 0.867 0.17 -0.511 0.751 -0.154 0.279 -0.151 -0.943
1 2 3 4 5 6 7 8 9:8.274:-1.63 -1.449 -1.047 -0.89 -0.099 -1.119 -0.599 -0.133 -1.308
1 2 3 4 5 6 7 8 9:16.120:0.901 1.082 1.092 2.984 1.454 2.552 2.035 2.09 1.93
1 2 3 4 5 6 7 8 9:10.567:-1.675 -0.618 -1.596 -1.801 0.58 -2.095 -0.612 -1.054 -0.536
1 2 3 4 5 6 7 8 9:4.674:0.899 0.188 0.147 -0.497 0.496 -0.851 -0.26 1.107 0.229
1 2 3 4 5 6 7 8 9:16.915:1.78 2.338 0.614 1.515 4.42 2.152 0.248 2.487 1.361
1 2 3 4 5 6 7 8 9:6.979:0.151 -0.724 -1.451 -0.744 1.177 0.283 -0.584 0.059 -1.806
1 2 3 4 5 6 7 8 9:6.379:0.592 -0.354 0.894 -0.639 -2.372 -0.707 0.133 -0.09 -0.598
1 2 3 4 5 6 7 8 9:21.269:-4.098 -1.093 -1.343 -3.495 -3.135 -1.999 -0.922 -2.305 -2.879
1 2 3 4 5 6 7 8 9:14.465:-1.67 -1.308 -2.11 -1.205 -0.635 -3.467 -2.085 -1.187 -0.798
1 2 3 4 5 6 7 8 9:4.981:-0.054 0.238 -0.318 -0.137 0.782 -1.967 -0.891 0.474 -0.12
1 2 3 4 5 6 7 8 9:6.430:-0.375 -0.564 -1.259 -0.573 -1.021 -1.236 -1.141 -0.033 -0.228
1 2 3 4 5 6 7 8 9:5.623:-0.607 0.196 0.224 0.588 0.767 -1.227 0.124 1.396 0.494
1 2 3 4 5 6 7 8 9:31.639:-4.103 -2.977 -3.93 -4.016 -2.497 -3.636 -2.782 -4.606 -3.092
1 2 3 4 5 6 7 8 9:24.241:1.388 2.338 2.134 3.798 3.792 2.091 2.509 3.916 2.275
1 2 3 4 5 6 7 8 9:16.773:-1.668 -1.374 -1.926 -2.324 -2.395 -1.706 -2.474 -2.156 -0.75
1 2 3 4 5 6 7 8 9:4.684:-0.953 -0.173 -0.765 -0.261 0.45 -1.038 -0.042 0.332 -0.67
1 2 3 4 5 6 7 8 9:5.088:0.218 1.249 0.571 -0.564 0.088 0.943 0.096 0.819 -0.54
1 2 3 4 5 6 7 8 9:4.287:-0.247 0.192 -0.424 -0.787 -0.55 -1.498 -0.203 -0.127 -0.259
1 2 3 4 5 6 7 8 9:7.126:1.088 -0.65 0.175 1.102 -0.799 1.111 0.721 -0.738 0.742
1 2 3 4 5 6 7 8 9:7.695:-0.01 -0.07 1.252 0.293 0.317 0.607 0.637 3.196 1.313
1 2 3 4 5 6 7 8 9:21.763:1.828 1.874 2.422 3.319 4.051 2.301 1.514 3.4 1.054
1 2 3 4 5 6 7 8 9:13.392:1.401 0.743 1.624 2.963 1.897 0.734 0.786 2.081 1.163
1 2 3 4 5 6 7 8 9:3.232:-0.311 -0.016 0.57 -0.711 0.428 -0.393 -0.419 -0.23 0.154
1 2 3 4 5 6 7 8 9:28.945:-3.762 -2.449 -4.502 -3.339 -4.261 -2.902 -3.374 -2.854 -1.502
1 2 3 4 5 6 7 8 9:11.393:-1.502 -1.298 -2.887 -0.474 -1.239 0.335 -0.514 -2.844 -0.3
1 2 3 4 5 6 7 8 9:35.349:-4.023 -2.5 -3.891 -4.72 -5.477 -3.83 -3.081 -4.598 -3.229
1 2 3 4 5 6 7 8 9:7.559:-1.382 0.1 0.962 -0.578 -2.599 0.585 0.668 0.61 0.075
1 2 3 4 5 6 7 8 9:13.135:3.164 1.804 -0.126 1.184 1.937 2.204 0.38 1.602 0.734
1 2 3 4 5 6 7 8 9:6.971:-0.403 -1.428 -0.814 0.117 1.41 0.109 -1.286 0.379 -1.025
1 2 3 4 5 6 7 8 9:7.401:2.184 -0.366 -0.675 0.474 0.898 -0.79 0.207 -1.108 -0.699
1 2 3 4 5 6 7 8 9:8.569:-1.794 -0.201 -0.183 -0.314 -1.153 -1.907 -0.843 -1.269 -0.905
1 2 3 4 5 6 7 8 9:6.514:1.43 1.211 1.084 -0.158 0.734 1.156 0.414 -0.213 0.114
1 2 3 4 5 6 7 8 9:10.963:2.305 1.329 0.964 2.316 0.873 0.487 0.77 -1.007 0.912
1 2 3 4 5 6 7 8 9:4.049:-0.342 0.223 0.083 0.29 0.267 1.449 0.603 0.704 -0.088
1 2 3 4 5 6 7 8 9:10.263:-2.508 0.244 0.283 -1.898 0.238 -0.315 -1.263 -2.195 -1.319
1 2 3 4 5 6 7 8 9:5.869:-0.056 1.008 1.058 0.396 2.027 0.564 0.242 0.149 0.369
1 2 3 4 5 6 7 8 9:10.451:-0.985 -0.225 -1.394 -0.16 -2.768 -3.897 -0.652 -0.307 0.063
1 2 3 4 5 6 7 8 9:25.933:4.526 1.693 2.558 3.087 2.38 3.075 3.558 2.268 2.788
1 2 3 4 5 6 7 8 9:14.642:4.1 1.961 1.801 1.704 0.674 2.614 0.349 0.292 1.147
1 2 3 4 5 6 7 8 9:4.903:-0.542 -0.71 -0.271 -0.451 -0.343 -0.17 -1.194 -0.722 -0.5
1 2 3 4 5 6 7 8 9:7.498:0.987 0.58 0.789 1.125 0.566 0.38 1.75 0.537 0.784
1 2 3 4 5 6 7 8 9:17.035:-1.244 -2.559 -2.656 -1.976 -1.433 -1.538 -1.571 -2.38 -1.678
1 2 3 4 5 6 7 8 9:7.785:0.749 1.428 0.344 0.817 1.157 -0.296 1.016 1.1 0.878
1 2 3 4 5 6 7 8 9:13.526:0.392 3.162 -0.616 -0.98 -0.884 -0.048 0.082 -0.29 -7.072
1 2 3 4 5 6 7 8 9:14.149:2.975 2.082 3.828 1.561 1.498 0.915 -0.134 0.681 -0.475
1 2 3 4 5 6 7 8 9:5.429:0.564 -0.793 1.065 -0.572 -0.886 -0.226 0.407 0.333 -0.583
1 2 3 4 5 6 7 8 9:11.782:1.957 1.468 0.923 1.735 2.475 0.669 1.059 -0.376 1.12
1 2 3 4 5 6 7 8 9:10.020:-0.636 -1.343 -1.214 -0.589 -4.899 -0.262 -0.727 -0.02 -0.33
1 2 3 4 5 6 7 8 9:12.870:1.205 2.185 1.04 1.363 1.026 1.799 1.136 2.203 0.913
1 2 3 4 5 6 7 8 9:7.599:0.098 0.963 -0.027 0.14 -0.554 -4.864 -0.63 -0.048 0.275
1 2 3 4 5 6 7 8 9:5.157:0.394 0.428 1.156 -0.566 0.362 -0.242 0.775 0.672 0.562
1 2 3 4 5 6 7 8 9:7.610:0.464 -0.494 0.557 1.507 1.108 -0.177 0.013 3.277 -0.013
1 2 3 4 5 6 7 8 9:9.438:-0.182 0.541 -0.154 -2.775 -1.335 -3.168 -0.149 -0.614 -0.52
1 2 3 4 5 6 7 8 9:12.509:-3.902 -0.199 -0.702 -1.97 -1.772 -1.122 0.185 -2.5 0.157
1 2 3 4 5 6 7 8 9:15.285:1.956 1.083 1.612 3.396 2.48 1.574 0.945 1.378 0.861
1 2 3 4 5 6 7 8 9:15.149:0.923 1.815 2.299 2.232 1.92 1.658 2.084 0.705 1.513
1 2 3 4 5 6 7 8 9:6.639:-0.183 -1.401 -1.252 0.293 0.29 1.236 -0.552 1.037 0.395
1 2 3 4 5 6 7 8 9:10.635:-1.128 -0.005 -1.452 -0.429 0.185 -2.281 -1.078 -2.694 -1.383
1 2 3 4 5 6 7 8 9:5.277:-1.484 0.019 -1.094 -0.663 0.081 -1 0.332 0.076 0.528
1 2 3 4 5 6 7 8 9:4.211:-0.654 0.172 -0.433 1.114 0.404 0.67 0.507 -0.014 0.243
1 2 3 4 5 6 7 8 9:7.514:-0.885 0.602 0.249 -0.481 -0.575 -1.682 -0.546 -2.354 -0.14
1 2 3 4 5 6 7 8 9:4.926:-0.128 -0.095 -0.612 0.526 0.876 -1.103 -0.323 -0.739 -0.524
1 2 3 4 5 6 7 8 9:34.994:6.027 3.63 4.537 4.021 1.77 5.109 3.441 3.682 2.777
1 2 3 4 5 6 7 8 9:11.273:3.097 0.766 0.968 1.932 2.072 0.432 0.59 0.628 -0.788
1 2 3 4 5 6 7 8 9:4.641:-1.146 0.446 0.549 -0.393 -0.65 -1.069 -0.087 0.15 0.151
1 2 3 4 5 6 7 8 9:5.445:-0.701 0.118 0.552 -1.702 0.271 1.132 0.683 -0.009 0.277
1 2 3 4 5 6 7 8 9:11.557:-1.994 -1.145 -0.961 -2.339 -0.636 -3.138 -0.189 -0.778 -0.377
1 2 3 4 5 6 7 8 9:7.145:-1.476 0.97 0.378 -0.692 1.301 -1.214 -0.166 0.217 -0.731
1 2 3 4 5 6 7 8 9:12.322:-1.26 -0.693 -1.582 -2.636 0.127 -1.191 -1.793 -1.72 -1.32
1 2 3 4 5 6 7 8 9:6.338:1.252 0.721 1.074 -0.224 1.223 -0.075 0.958 0.772 0.039
1 2 3 4 5 6 7 8 9:5.125:1.746 0 -0.12 -0.296 -0.858 -1.263 -0.201 -0.628 -0.013
1 2 3 4 5 6 7 8 9:22.508:1.898 2.374 2.947 4.291 1.774 2.19 2.172 2.418 2.444
1 2 3 4 5 6 7 8 9:5.755:-0.079 -0.124 0.359 -0.147 -0.12 2.488 0.281 1.015 1.142
1 2 3 4 5 6 7 8 9:5.424:0.877 -0.882 -0.749 -0.047 -0.612 1.111 0.165 -0.273 0.708
1 2 3 4 5 6 7 8 9:3.065:-0.041 0.957 0.348 -0.483 -0.407 -0.398 0.062 -0.246 -0.123
1 2 3 4 5 6 7 8 9:6.405:1.472 -0.722 0.362 -1.498 -0.819 0.679 -0.193 0.228 0.432
1 2 3 4 5 6 7 8 9:29.632:1.996 1.392 1.355 3.553 9.041 5.847 2.502 2.275 1.671
1 2 3 4 5 6 7 8 9:11.940:2.931 -0.075 -1.159 1.104 3.067 1.037 -1.05 1.203 -0.314
1 2 3 4 5 6 7 8 9:7.020:-1.078 -0.414 0.113 -1.784 -0.896 -0.992 -0.385 -1.346 -0.012
1 2 3 4 5 6 7 8 9:13.432:-2.669 -0.875 -1.637 -3.213 -0.726 -1.889 -1.184 -0.996 -0.243
1 2 3 4 5 6 7 8 9:10.943:-1.371 -1.343 -0.459 -2.657 -1.548 -1.21 -0.14 -0.987 -1.228
1 2 3 4 5 6 7 8 9:8.518:-0.948 -0.411 0.912 -2.748 -1.115 0.493 -0.889 -0.362 -0.64
1 2 3 4 5 6 7 8 9:30.802:-2.725 -6.705 -3.139 -3.445 -3.059 -3.997 -1.725 -3.617 -2.39
1 2 3 4 5 6 7 8 9:7.455:0.749 0.088 -1.408 -1.608 -2.438 0.08 -0.191 -0.309 0.584
1 2 3 4 5 6 7 8 9:7.932:0.316 1.585 1.613 -0.304 0.546 -0.503 1.389 1.323 0.353
1 2 3 4 5 6 7 8 9:13.387:1.702 1.101 0.461 2.903 3.191 0.603 0.998 1.85 0.578
1 2 3 4 5 6 7 8 9:18.310:-2.761 -1.311 -2.463 -2.517 0.356 -1.924 -1.79 -3.976 -1.212
1 2 3 4 5 6 7 8 9:12.060:1.996 -1.218 -1.188 0.117 -1.502 -2.507 -1.962 -0.191 -1.379
1 2 3 4 5 6 7 8 9:6.228:-1.441 0.35 -0.976 0.836 0.171 0.517 -1.179 0.578 -0.18
1 2 3 4 5 6 7 8 9:5.195:0.008 -0.344 -0.003 -0.238 -0.977 1.438 1.309 -0.852 -0.026
1 2 3 4 5 6 7 8 9:5.524:0.628 1.034 0.149 1.422 0.153 0.443 0.758 0.796 0.141
1 2 3 4 5 6 7 8 9:5.992:-0.888 -0.12 0.828 -1.034 -0.143 1.521 -0.271 -0.994 -0.193
1 2 3 4 5 6 7 8 9:24.476:-3.864 -0.818 -1.639 -2.557 -6.298 -3.504 -0.962 -1.979 -2.855
1 2 3 4 5 6 7 8 9:6.212:0.942 0.107 0.354 1.931 0.695 -0.141 0.76 0.527 0.755
1 2 3 4 5 6 7 8 9:10.145:2.75 0.451 0.829 0.954 1.184 1.317 0.203 0.854 1.603
1 2 3 4 5 6 7 8 9:5.813:1.036 -0.087 -0.31 -1.331 -1.919 -0.082 -0.074 0.664 0.31
1 2 3 4 5 6 7 8 9:6.390:0.022 0.869 0.49 2.036 -1.1 -0.454 0.358 -0.3 0.761
1 2 3 4 5 6 7 8 9:7.137:-0.798 -0.493 -0.616 -1.24 0.66 2.133 -0.369 0.316 0.512