1 2 3 4 5 6 7 8 9 10 11 12 13:7.842:-1.46 -0.304 0.397 0.896 -0.353 -1.015 0.442 -1.018 0 -0.37 0.125 -0.382 -1.08
1 2 3 4 5 6 7 8 9 10 11 12 13:13.420:-1.111 -0.152 1.286 -2.293 -0.709 -0.057 -1.762 -1.646 -0.985 -1.115 1.297 -0.383 -0.624
1 2 3 4 5 6 7 8 9 10 11 12 13:7.676:1.873 0.992 -0.098 0.681 0.357 -0.456 0 1.046 0.71 0.376 0.93 0 0.157
1 2 3 4 5 6 7 8 9 10 11 12 13:23.147:4.044 -0.907 -0.489 -1.504 -0.356 -0.286 -0.448 9.938 -0.141 3.745 -0.591 -0.385 -0.313
1 2 3 4 5 6 7 8 9 10 11 12 13:21.766:-2.12 -1.983 -2.063 -1.603 -1.071 -0.804 -0.45 -4.708 -1.412 -2.527 -1.224 -0.386 -1.415
1 2 3 4 5 6 7 8 9 10 11 12 13:76.638:5.415 10.117 7.924 7.952 5.054 6.192 4.072 9.881 4.298 2.963 3.54 3.488 5.742
1 2 3 4 5 6 7 8 9 10 11 12 13:34.696:2.055 6.36 0.929 4.06 -0.687 -1.907 -1.739 9.892 0.549 -0.719 4.598 -0.749 -0.452
1 2 3 4 5 6 7 8 9 10 11 12 13:22.735:-1.007 1.262 1.013 -1.209 -3.114 6.222 -0.885 -4.419 1.093 -0.725 0.425 -0.755 0.606
1 2 3 4 5 6 7 8 9 10 11 12 13:25.315:-1.356 -1.378 -2.37 -4.02 -1.071 -3.923 -0.893 -0.856 -2.838 -2.555 -1.107 -1.141 -1.807
1 2 3 4 5 6 7 8 9 10 11 12 13:27.639:1.375 -4.059 -3.641 -3.86 -0.722 -1.905 -1.351 -1.554 -1.808 -1.124 -3.094 -0.385 -2.761
1 2 3 4 5 6 7 8 9 10 11 12 13:39.527:7.458 5.062 3.198 4.962 1.818 5.882 0.913 1.404 3.399 1.515 1.409 0.772 1.735
1 2 3 4 5 6 7 8 9 10 11 12 13:24.672:0.946 4.884 1.127 2.454 2.857 0.629 0.905 4.844 1.233 2.239 1.323 0.766 0.465
1 2 3 4 5 6 7 8 9 10 11 12 13:40.599:-6.25 -3.965 -1.857 -4.121 -2.431 -6.979 -1.794 -2.475 -3.518 -1.825 -2.545 -1.141 -1.698
1 2 3 4 5 6 7 8 9 10 11 12 13:34.064:-3.667 -3.866 -3.5 -2.131 -1.779 1.792 -1.37 -3.723 -3.086 -1.859 -3.782 -1.154 -2.355
1 2 3 4 5 6 7 8 9 10 11 12 13:25.855:-5.882 0.682 -1.176 0.338 -3.261 -1.21 -2.315 -3.163 -1.158 -1.894 -0.969 1.556 -2.251
1 2 3 4 5 6 7 8 9 10 11 12 13:22.449:2.574 0.271 -2.679 -1.833 -4.869 -2.06 -0.948 -1.452 -2.343 0 -1.886 -0.383 -1.151
1 2 3 4 5 6 7 8 9 10 11 12 13:34.181:2.151 -9.858 -1.019 -2.477 3.937 2.217 -0.957 2.21 -2.399 0.772 2.431 -1.923 -1.83
1 2 3 4 5 6 7 8 9 10 11 12 13:31.422:4.912 1.948 2.575 3.165 2.652 -1.613 3.382 -1.441 2.458 1.149 -0.089 0.784 5.254
1 2 3 4 5 6 7 8 9 10 11 12 13:70.637:-0.669 8.597 7.329 7.765 5.535 7.066 2.804 4.936 7.196 3.409 10.138 1.167 4.026
1 2 3 4 5 6 7 8 9 10 11 12 13:30.108:1.01 1.015 -0.094 3.023 -1.399 7.128 0 4.53 1.259 0.733 7.21 0.385 2.322
1 2 3 4 5 6 7 8 9 10 11 12 13:25.477:2 3.282 1.124 4.435 0 0.493 0.909 -2 5.939 1.091 0.856 1.533 1.815
1 2 3 4 5 6 7 8 9 10 11 12 13:70.462:4.902 6.355 6.389 5.848 2.128 15.351 6.306 4.932 5.085 3.957 5.7 1.132 2.377
1 2 3 4 5 6 7 8 9 10 11 12 13:34.432:0.623 0.976 3.307 -0.71 2.778 8.631 -2.966 -2.269 -0.372 0 10.701 -0.373 0.726
1 2 3 4 5 6 7 8 9 10 11 12 13:25.851:1.238 -2.234 -0.505 -1.492 0.338 0.939 1.747 2.985 -5.355 -4.498 1.005 -1.498 -2.017
1 2 3 4 5 6 7 8 9 10 11 12 13:19.029:-2.446 -0.926 0.339 -1.767 -0.337 -2.249 -2.575 -0.322 2.763 3.623 -0.567 -0.38 -0.735
1 2 3 4 5 6 7 8 9 10 11 12 13:23.661:-3.448 -0.623 2.616 3.212 -3.378 -2.697 0 -3.877 1.024 -0.699 -0.646 -1.145 -0.296
1 2 3 4 5 6 7 8 9 10 11 12 13:21.124:3.571 -3.137 -1.645 -1.774 0 0.856 -1.322 0.336 -1.774 5.282 -0.535 0 -0.892
1 2 3 4 5 6 7 8 9 10 11 12 13:13.216:-0.94 1.49 -1.589 -0.444 -1.748 -0.364 -0.893 -0.67 0.129 -3.344 0.769 -0.386 -0.45
1 2 3 4 5 6 7 8 9 10 11 12 13:20.906:0.633 1.532 0 3.469 -0.712 2.028 -1.351 -2.024 1.933 -2.422 3.51 -0.388 0.904
1 2 3 4 5 6 7 8 9 10 11 12 13:97.336:19.811 0.126 19.966 -0.123 19.713 2.664 19.635 -1.033 0 7.801 -0.995 2.335 3.134
1 2 3 4 5 6 7 8 9 10 11 12 13:146.790:19.948 5.65 19.972 2.063 19.76 10.612 19.847 4.696 4.425 19.079 2.569 7.605 10.564
1 2 3 4 5 6 7 8 9 10 11 12 13:124.369:9.847 13.666 9.976 0.724 20 5.322 19.745 0.498 6.416 19.89 0.472 8.127 9.686
1 2 3 4 5 6 7 8 9 10 11 12 13:74.482:-6.972 -4.652 -9.501 -4.134 -10 -5.452 -6.383 -0.165 -4.323 -9.908 -3.769 -5.882 -3.341
1 2 3 4 5 6 7 8 9 10 11 12 13:62.448:-6.852 -1.809 3.44 -3.313 -9.954 -4.36 -7.386 -3.808 -2.378 -9.974 -2.515 -3.819 -2.84
1 2 3 4 5 6 7 8 9 10 11 12 13:34.393:-1.839 -3.015 -4.186 2.973 -7.969 1.397 -3.681 0 -0.122 -5.398 1.566 0.722 -1.525
1 2 3 4 5 6 7 8 9 10 11 12 13:55.752:9.836 1.727 4.309 0.973 4.749 3.481 9.873 2.582 1.951 4.805 2.692 3.226 5.548
1 2 3 4 5 6 7 8 9 10 11 12 13:36.757:9.808 1.868 -0.975 1.616 4.8 0.28 9.855 -0.336 0.598 4.871 0.283 0 1.467
1 2 3 4 5 6 7 8 9 10 11 12 13:45.729:-5.825 -5.333 -4.403 -3.824 -1.781 -4.752 -5.541 -2.357 -2.973 0 -4.234 -2.778 -1.928
1 2 3 4 5 6 7 8 9 10 11 12 13:18.644:-4.124 -2.171 -1.939 -0.286 -3.627 0.88 -0.559 -0.172 0 -0.273 1.23 -1.786 -1.597
1 2 3 4 5 6 7 8 9 10 11 12 13:15.015:-0.86 -0.06 -0.618 1.276 -2.957 0.255 -3.371 -0.173 0.49 -1.644 -0.19 0 -3.121
1 2 3 4 5 6 7 8 9 10 11 12 13:31.734:-0.434 2.761 0.311 4.441 0.554 1.124 -0.872 7.439 6.22 1.393 2.752 0.727 2.706
1 2 3 4 5 6 7 8 9 10 11 12 13:19.196:-3.268 0.234 -1.178 1.659 -1.377 0.466 -2.346 -1.61 0.115 -1.923 -2.321 -1.444 -1.255
1 2 3 4 5 6 7 8 9 10 11 12 13:41.183:-1.351 -6.002 -3.513 -5.31 -1.117 -0.678 -3.904 -5.565 -4.358 -1.12 -3.033 -2.564 -2.668
1 2 3 4 5 6 7 8 9 10 11 12 13:41.171:9.817 0.682 6.047 1.096 4.802 0.288 10 1.56 0.12 4.816 1.551 0 -0.392
1 2 3 4 5 6 7 8 9 10 11 12 13:27.247:-4.366 -1.108 -4.476 -0.868 4.313 -3.118 0.852 -0.683 -0.359 -3.514 -0.513 -1.504 -1.573
1 2 3 4 5 6 7 8 9 10 11 12 13:11.090:0 -0.374 -1.22 0.781 -3.359 -0.259 -2.817 -0.172 -0.24 0.28 0.026 -0.763 0.799
1 2 3 4 5 6 7 8 9 10 11 12 13:20.113:-0.217 -3.313 -1.429 -2.605 1.604 -2.448 -0.58 0.688 -1.084 -0.838 -1.702 3.077 -0.528
1 2 3 4 5 6 7 8 9 10 11 12 13:26.999:-3.486 1.939 -2.966 0.828 0.789 -3.536 0.583 -2.564 -0.609 2.254 0.735 4.851 -1.859
1 2 3 4 5 6 7 8 9 10 11 12 13:20.531:-3.386 0 -2.242 -0.474 -1.828 -1.774 -2.899 -0.526 -2.451 -2.204 -1.394 0 -1.353
1 2 3 4 5 6 7 8 9 10 11 12 13:49.467:-3.972 -5.073 -4.656 -4.633 -4.521 -6.661 -0.299 -2.822 -3.518 -4.507 -2.747 -2.491 -3.567
1 2 3 4 5 6 7 8 9 10 11 12 13:43.991:-6.083 -3.874 -4.81 -2.429 -4.735 2.322 -5.988 -4.537 -1.823 -2.36 -0.285 -4.745 0
1 2 3 4 5 6 7 8 9 10 11 12 13:20.759:-1.813 2.432 2.144 3.001 -4.386 0.462 -0.637 1.521 1.989 -0.604 1.103 -0.383 0.284
1 2 3 4 5 6 7 8 9 10 11 12 13:22.904:0.528 -1.696 2.549 -0.662 -2.752 0.209 -3.846 0 -1.3 -2.128 -1.118 -3.846 -2.27
1 2 3 4 5 6 7 8 9 10 11 12 13:57.320:9.974 2.484 9.942 2.567 4.717 2.796 10 1.311 2.108 4.969 1.553 -0.4 4.499
1 2 3 4 5 6 7 8 9 10 11 12 13:37.880:3.341 -3.3 -4.122 -3.575 0.601 -3.451 0.909 -1.664 -4.516 1.479 -3.448 -4.418 -3.056
1 2 3 4 5 6 7 8 9 10 11 12 13:43.905:-3.695 -2.437 -3.953 -3.337 -2.687 -2.355 -3.303 -3.008 -4.054 -4.665 -1.292 -8.403 -0.716
1 2 3 4 5 6 7 8 9 10 11 12 13:11.982:0.24 0.999 0.65 1.918 0 1.852 -0.311 -0.194 1.408 -1.223 0.563 0.459 -2.165
1 2 3 4 5 6 7 8 9 10 11 12 13:14.388:-0.478 2.756 -0.143 0.616 0 -2.156 -0.935 1.165 0.417 4.025 0.812 0 0.885
1 2 3 4 5 6 7 8 9 10 11 12 13:18.767:-0.24 1.994 -2.586 3.23 0 0 0.629 -1.727 1.245 4.762 1.166 0.457 -0.731
1 2 3 4 5 6 7 8 9 10 11 12 13:46.337:3.133 2.023 3.097 2.964 4.908 2.334 5.625 3.906 4.508 4.83 1.825 4.091 3.093
1 2 3 4 5 6 7 8 9 10 11 12 13:44.500:-0.701 -3.9 -3.791 -6.11 -4.678 -3.167 -3.846 -2.068 -3.399 -3.252 -4.691 -2.183 -2.714
1 2 3 4 5 6 7 8 9 10 11 12 13:11.076:-1.176 0.206 -0.967 0.852 0 -0.741 -1.231 -0.96 0.271 0 -0.849 -0.446 3.377
1 2 3 4 5 6 7 8 9 10 11 12 13:22.705:1.429 1.716 3.153 1.115 2.147 1.362 0.623 0.775 1.484 0.28 2.282 1.794 4.545
1 2 3 4 5 6 7 8 9 10 11 12 13:10.606:-0.469 -0.81 -0.728 -1.637 -0.901 -1.647 -0.619 0.192 -0.399 -1.397 -0.823 -0.441 -0.543
1 2 3 4 5 6 7 8 9 10 11 12 13:76.876:16.745 0.68 9.238 1.053 10 4.011 11.526 3.455 1.068 9.065 -0.731 5.752 3.552
1 2 3 4 5 6 7 8 9 10 11 12 13:119.709:-7.677 -10.676 -10.537 -11.126 -6.887 -11.271 -10.056 -8.534 -10.304 -9.87 -6.841 -6.695 -9.235
1 2 3 4 5 6 7 8 9 10 11 12 13:72.205:18.162 4.236 7.277 3.896 7.101 3.056 11.801 1.826 3.387 2.594 3.695 3.139 2.035
1 2 3 4 5 6 7 8 9 10 11 12 13:35.508:-6.667 -0.871 -3.287 -1.165 -4.144 -4.588 -6.667 -1.793 -0.997 -1.966 0.499 -0.87 -1.994
1 2 3 4 5 6 7 8 9 10 11 12 13:10.724:0.397 -1.391 0.723 -1.142 -1.153 0.243 0.893 -0.203 0.144 1.719 -0.817 -1.754 0.145
1 2 3 4 5 6 7 8 9 10 11 12 13:63.071:-7.312 -5.271 -7.251 -3.651 -5.248 -4.457 -4.72 -6.707 -4.741 -3.38 -2.574 -2.679 -5.08
1 2 3 4 5 6 7 8 9 10 11 12 13:12.764:-3.198 -0.862 0 -0.967 0 2.13 0 1.089 1.659 -1.749 -0.498 0.459 0.153
1 2 3 4 5 6 7 8 9 10 11 12 13:11.131:0.661 -0.316 -0.697 1.718 -0.615 0.348 -0.619 -1.724 0.593 0.297 2.17 -0.457 -0.916
1 2 3 4 5 6 7 8 9 10 11 12 13:12.658:0.219 -0.159 1.559 0.192 -0.619 6.086 -0.935 -0.877 0.295 -0.888 -0.059 0 0.77
1 2 3 4 5 6 7 8 9 10 11 12 13:17.879:2.183 0.953 0.153 3.64 0.623 2.239 0.314 1.991 1.324 0.597 2.333 0.459 1.07
1 2 3 4 5 6 7 8 9 10 11 12 13:29.715:0.855 2.754 1.149 3.253 1.238 2.19 0.313 1.735 1.451 8.902 2.541 0.913 2.421
1 2 3 4 5 6 7 8 9 10 11 12 13:24.744:1.059 3.752 3.258 2.47 1.223 1.25 -0.313 2.772 2.003 1.635 2.932 0.452 1.625
1 2 3 4 5 6 7 8 9 10 11 12 13:19.676:3.774 -1.328 -1.174 -2.516 -1.511 -1.499 -0.627 -0.415 -1.683 -2.145 -1.101 -0.45 1.453
1 2 3 4 5 6 7 8 9 10 11 12 13:13.456:-2.828 -0.15 -1.485 -0.538 0 -1.522 -0.946 -1.042 -0.571 -0.274 -1.642 -0.452 -2.006
1 2 3 4 5 6 7 8 9 10 11 12 13:11.958:-2.495 -0.15 -1.206 0 -0.307 -1.227 -0.955 0.842 -1.004 0.549 -0.82 1.818 -0.585
1 2 3 4 5 6 7 8 9 10 11 12 13:42.309:3.625 5.626 4.577 1.874 3.385 4.74 1.929 1.253 8.551 0 0.257 1.786 4.706
1 2 3 4 5 6 7 8 9 10 11 12 13:15.062:-0.617 2.77 0.948 3.007 0 0.659 0 1.237 0 2.186 1.11 0 2.528
1 2 3 4 5 6 7 8 9 10 11 12 13:16.415:1.863 -2.35 -1.301 -1.477 -1.488 -0.611 -0.315 1.018 -2.804 1.337 0.042 -0.439 -1.37
1 2 3 4 5 6 7 8 9 10 11 12 13:11.066:-1.016 -0.142 -0.952 0.593 -0.906 -0.834 0.316 0.403 -0.412 -0.264 0.759 -0.441 -4.028
1 2 3 4 5 6 7 8 9 10 11 12 13:19.466:0.821 4.111 0.517 1.975 1.22 4.562 0 2.209 -1.793 0.265 0.963 0.885 -0.145
1 2 3 4 5 6 7 8 9 10 11 12 13:28.811:1.222 0.817 2.059 2.005 3.012 4.871 0.631 6.09 -1.545 0.792 0.816 2.632 2.319
1 2 3 4 5 6 7 8 9 10 11 12 13:60.070:1.811 4.524 4.827 1.399 7.895 3.796 2.821 3.148 5.849 9.948 0.836 7.692 5.524
1 2 3 4 5 6 7 8 9 10 11 12 13:25.858:-1.186 -4.393 2.062 -3.055 -4.065 -2.062 -1.524 0.359 -0.809 -2.381 -1.972 1.587 0.403
1 2 3 4 5 6 7 8 9 10 11 12 13:31.342:2 4.189 1.684 4.033 1.695 -0.159 1.858 0 2.31 4.878 6.284 0.781 1.471
1 2 3 4 5 6 7 8 9 10 11 12 13:22.074:-1.765 -0.454 -1.126 -4.463 -0.833 -1.592 -1.216 -1.073 -0.797 -3.953 -0.222 -1.55 -3.03
1 2 3 4 5 6 7 8 9 10 11 12 13:26.541:0.2 -0.065 3.818 -0.17 4.202 2.75 5.538 0.362 -3.079 -4.6 0.562 -0.787 -0.408
1 2 3 4 5 6 7 8 9 10 11 12 13:15.120:-0.996 -0.261 -0.065 0.683 -2.419 -0.315 -2.041 -0.721 3.591 3.046 0.039 -0.397 0.546
1 2 3 4 5 6 7 8 9 10 11 12 13:42.118:1.207 5.621 1.227 3.697 1.653 10.778 0.595 7.623 1.467 1.232 4.33 1.195 1.493
1 2 3 4 5 6 7 8 9 10 11 12 13:27.782:0.398 0.681 0.574 0.981 4.336 3.279 0.888 0.506 4.599 3.406 2.704 2.756 2.674
1 2 3 4 5 6 7 8 9 10 11 12 13:23.407:-1.98 -0.615 -2.346 -2.527 -0.519 -1.691 -1.173 -1.174 -1.131 -0.941 0.073 -0.383 -8.854
1 2 3 4 5 6 7 8 9 10 11 12 13:8.588:-0.202 -0.309 -0.13 -0.598 -0.261 0.176 -0.593 -1.868 -0.254 -0.95 0.291 -0.385 -2.571
1 2 3 4 5 6 7 8 9 10 11 12 13:23.082:0 3.66 0.13 2.742 1.047 -1.296 0.299 0.519 7.389 -1.199 2.817 1.544 -0.44
1 2 3 4 5 6 7 8 9 10 11 12 13:15.863:-1.417 0.359 0.714 5.076 0 0.781 0.298 -1.033 0.474 -0.971 -0.753 2.662 1.325
1 2 3 4 5 6 7 8 9 10 11 12 13:11.725:-0.205 -3.757 -0.451 -0.403 -1.813 -1.409 0 -0.174 0.118 -1.225 0.557 0.741 0.872
1 2 3 4 5 6 7 8 9 10 11 12 13:23.323:-2.675 -1.673 -1.295 -1.088 -2.111 -2.787 -1.187 0.871 -1.769 -1.985 1.932 -2.941 -1.009
1 2 3 4 5 6 7 8 9 10 11 12 13:54.466:8.668 2.331 2.822 2.986 8.895 5.292 5.105 1.554 5.642 5.57 1.087 1.894 2.62
1 2 3 4 5 6 7 8 9 10 11 12 13:12.716:0 0.739 2.361 -0.336 2.723 2.339 0 0.51 -0.682 -1.679 0.549 -0.372 0.426
1 2 3 4 5 6 7 8 9 10 11 12 13:36.208:13.035 0.061 2.743 -1.317 2.651 -2.183 10 -0.338 -1.373 0.244 -1.376 0.746 0.141
1 2 3 4 5 6 7 8 9 10 11 12 13:31.561:-1.377 1.283 2.67 -0.124 7.981 -0.453 11.688 0 -2.32 2.19 -0.311 0.741 0.423
1 2 3 4 5 6 7 8 9 10 11 12 13:26.497:-7.853 -1.327 -2.955 -1.833 0 -2.172 1.628 -1.528 -1.544 -2.143 -1.168 2.206 0.14
1 2 3 4 5 6 7 8 9 10 11 12 13:26.124:-0.758 0.061 -2.253 -1.393 -5.87 -0.322 -5.95 -1.034 -2.051 -1.946 -1.346 -2.158 -0.982
1 2 3 4 5 6 7 8 9 10 11 12 13:25.405:2.099 3.543 0.623 0.77 -1.155 3.017 -1.46 0.697 4.68 2.73 2.563 0.368 1.7
1 2 3 4 5 6 7 8 9 10 11 12 13:11.428:-0.748 -0.354 -0.433 -0.669 0.234 -1.987 2.222 1.038 -1.059 -1.932 -0.613 0 0.139
1 2 3 4 5 6 7 8 9 10 11 12 13:20.795:-1.318 0.592 -1.493 -0.738 -3.263 3.913 1.691 -0.342 2.378 -0.493 0.175 0.366 4.033
1 2 3 4 5 6 7 8 9 10 11 12 13:10.369:0 0.177 0.505 -0.258 0.241 -1.472 0.238 0.859 -1.51 -0.495 -0.198 4.015 -0.401
1 2 3 4 5 6 7 8 9 10 11 12 13:18.216:-1.336 -0.823 -1.445 -1.425 -0.481 -1.946 -2.37 4.089 -1.533 0 -0.827 -1.404 0.537
1 2 3 4 5 6 7 8 9 10 11 12 13:19.686:-1.547 -2.962 -1.721 -0.526 -0.725 -0.638 -2.427 -1.309 -1.557 -2.488 -1.338 -0.712 1.736
1 2 3 4 5 6 7 8 9 10 11 12 13:30.394:-1.375 -2.076 -2.399 -2.61 -1.703 -0.178 -1.99 8.624 -1.946 -2.806 -1.749 -2.151 -0.787
1 2 3 4 5 6 7 8 9 10 11 12 13:108.826:4.98 2.743 5.05 3.324 19.802 3.93 19.797 20 3.474 13.648 1.659 5.128 5.291
1 2 3 4 5 6 7 8 9 10 11 12 13:27.344:-1.518 -0.667 -0.38 -0.361 4.132 3.884 5.085 3.435 -0.959 -4.388 -0.262 1.394 0.879
1 2 3 4 5 6 7 8 9 10 11 12 13:25.489:-3.276 0.55 -0.571 0.132 -4.96 -1.125 -5.04 -0.123 2.3 3.623 0.048 1.375 -2.366
1 2 3 4 5 6 7 8 9 10 11 12 13:21.103:0 -1.762 -1.66 -1.909 -3.549 -1.372 -1.911 -2.094 -1.657 -0.932 -0.394 -1.695 -2.168
1 2 3 4 5 6 7 8 9 10 11 12 13:34.017:0.598 3.278 0.844 2.918 7.143 0.78 7.359 -1.887 1.805 1.412 2.78 0.345 2.868
1 2 3 4 5 6 7 8 9 10 11 12 13:44.111:1.584 5.15 3.67 2.314 6.263 4.108 6.653 5.769 2.482 0.232 -0.478 5.155 -0.253
1 2 3 4 5 6 7 8 9 10 11 12 13:25.929:-1.17 -0.797 -2.298 -2.039 -1.141 -6.339 -2.457 -2.667 -0.807 -2.315 -1.23 -2.288 -0.381
1 2 3 4 5 6 7 8 9 10 11 12 13:30.189:0.197 -1.378 -0.954 -1.236 8.077 -0.069 8.721 0.498 -1.628 3.555 -0.546 1.672 -1.658
1 2 3 4 5 6 7 8 9 10 11 12 13:12.790:-0.394 0.175 -0.321 1.152 -0.712 -1.9 -2.496 2.23 0.118 -2.288 0.286 -0.329 0.389
1 2 3 4 5 6 7 8 9 10 11 12 13:7.976:-0.791 -0.988 -0.773 0.098 0 0.141 0.366 -1.576 -0.59 0.468 0.951 -0.33 0.904
1 2 3 4 5 6 7 8 9 10 11 12 13:12.984:0.996 1.35 -0.13 1.333 -2.33 0.176 -1.093 -0.246 0.475 -1.865 1.944 -0.662 -0.384
1 2 3 4 5 6 7 8 9 10 11 12 13:23.486:-0.394 -0.984 -0.585 -1.476 -3.853 -1.229 -3.499 -1.605 -1.064 -2.375 -0.67 -2.667 -3.085
1 2 3 4 5 6 7 8 9 10 11 12 13:11.445:-0.198 0.643 -0.458 0.684 2.29 -1.138 1.908 -0.627 -0.358 0.73 0.721 -1.027 0.663
1 2 3 4 5 6 7 8 9 10 11 12 13:20.640:-0.992 -2.963 -0.722 -1.779 -1.866 -2.445 -1.311 -1.136 -1.559 -1.208 -1.941 -0.346 -2.372
1 2 3 4 5 6 7 8 9 10 11 12 13:7.897:-2.806 0.18 -0.331 -0.395 -0.76 0.258 -0.759 0.128 -0.122 -0.489 -0.165 -0.694 -0.81
1 2 3 4 5 6 7 8 9 10 11 12 13:5.662:-1.856 -0.418 0.265 0.364 0 0.074 -0.191 -0.128 -0.244 0.491 0.873 -0.35 0.408
1 2 3 4 5 6 7 8 9 10 11 12 13:15.328:2.101 1.681 0.993 1.054 3.448 -0.073 2.299 -2.427 0 -0.244 0.386 0.351 0.271
1 2 3 4 5 6 7 8 9 10 11 12 13:17.435:0.206 -0.531 -0.59 -1.141 -5 0.699 -4.494 -1.047 -0.489 -0.98 0.454 -1.399 -0.405
1 2 3 4 5 6 7 8 9 10 11 12 13:8.988:-0.821 -0.653 -0.527 -0.693 -0.39 0.949 -0.784 1.72 -0.86 0 0.151 -0.355 -1.085
1 2 3 4 5 6 7 8 9 10 11 12 13:9.215:-0.621 -2.389 -0.331 0.498 -0.783 -0.072 -0.198 -1.04 1.239 -1.238 -0.394 0 0.412
1 2 3 4 5 6 7 8 9 10 11 12 13:18.868:-0.208 -1.897 -1.729 -2.082 -2.564 0.832 -2.376 -1.577 -1.346 -1.253 -0.488 -1.423 1.093
1 2 3 4 5 6 7 8 9 10 11 12 13:30.158:-1.253 -1.56 -3.248 -2.497 -4.251 -1.077 -5.274 0.935 -1.365 -2.284 -1.636 -1.805 -2.973
1 2 3 4 5 6 7 8 9 10 11 12 13:21.436:-2.326 1.648 0.979 0.312 5.285 1.633 4.925 1.323 0.629 1.039 0.273 -0.368 0.696
1 2 3 4 5 6 7 8 9 10 11 12 13:16.189:0.216 -0.436 0.762 0.794 2.209 -0.821 5.102 -2.48 0.125 0.514 1.623 0 1.107
1 2 3 4 5 6 7 8 9 10 11 12 13:20.818:-1.728 -0.125 -1.237 0.411 -2.161 0.504 -3.301 6.56 -1.748 0 -1.306 -0.369 -1.368
1 2 3 4 5 6 7 8 9 10 11 12 13:16.144:-1.978 0.313 -1.392 1.466 -0.602 -1.683 -1.606 -1.759 -0.508 0.767 1.571 2.222 -0.277
1 2 3 4 5 6 7 8 9 10 11 12 13:24.031:-3.587 -2.438 -1.341 -3.73 -1.212 -1.639 -0.816 -3.325 -1.916 -1.015 -1.035 -0.725 -1.252
1 2 3 4 5 6 7 8 9 10 11 12 13:32.875:-0.465 3.267 2.504 4.468 0.204 2.815 0 1.323 2.604 4.103 3.772 0.73 6.62
1 2 3 4 5 6 7 8 9 10 11 12 13:17.715:2.336 -0.372 3.838 2.372 -0.816 0.144 0.617 -0.392 0.254 -1.724 -2.208 0 -2.642
1 2 3 4 5 6 7 8 9 10 11 12 13:15.051:-0.685 0.56 -0.269 1.567 -2.263 0.216 -1.636 2.097 3.038 -1.504 0.718 -0.362 -0.136
1 2 3 4 5 6 7 8 9 10 11 12 13:23.963:-0.92 2.353 0.202 0.996 -3.579 1.795 -2.911 -2.182 -0.983 -2.29 2.667 -1.455 1.63
1 2 3 4 5 6 7 8 9 10 11 12 13:16.493:-0.696 1.028 -2.354 -0.223 0.218 -1.164 0.428 1.05 -2.233 -1.042 2.34 -1.845 -1.872
1 2 3 4 5 6 7 8 9 10 11 12 13:33.751:-4.439 -1.257 -2.41 -0.287 -4.575 -3.425 -4.904 -2.208 -1.396 -3.158 -3.305 -0.752 -1.635
1 2 3 4 5 6 7 8 9 10 11 12 13:10.007:0.489 1.152 0.071 0.64 0 -0.074 -2.691 0.133 1.802 0 -1.403 1.136 -0.416
1 2 3 4 5 6 7 8 9 10 11 12 13:24.690:-1.46 -2.698 -1.693 -1.684 -2.511 -0.481 -4.608 -1.592 -2.023 -2.717 -0.516 -1.873 -0.834
1 2 3 4 5 6 7 8 9 10 11 12 13:41.413:-3.457 -3.758 -3.3 -1.228 -3.513 -3.455 -4.106 -4.582 -3.226 -4.19 -1.604 -1.908 -3.086
1 2 3 4 5 6 7 8 9 10 11 12 13:22.919:-4.859 3.265 0.074 0.851 -1.942 -1.193 -2.519 -1.695 -0.267 -3.499 0.375 -1.946 0.434
1 2 3 4 5 6 7 8 9 10 11 12 13:44.435:3.226 1.116 2.076 1.038 5.693 1.986 10.078 6.034 1.07 5.74 -0.21 5.159 1.009
1 2 3 4 5 6 7 8 9 10 11 12 13:17.519:6.51 -0.736 -0.654 0.193 -0.703 -0.764 -1.408 0.136 -0.132 0.286 0.948 4.906 -0.143
1 2 3 4 5 6 7 8 9 10 11 12 13:21.108:-3.178 -1.791 -0.95 0.929 -3.066 1.347 -3.333 -1.083 -0.795 0.285 -1.473 -2.878 0
1 2 3 4 5 6 7 8 9 10 11 12 13:27.714:-3.283 -1.824 -1.55 -3.049 0.973 -4.442 -1.478 -1.505 -1.869 -1.989 -0.789 -2.963 -2
1 2 3 4 5 6 7 8 9 10 11 12 13:12.984:-1.305 0.897 0 2.948 -1.205 -0.437 0.25 -1.944 -0.68 -0.58 -0.427 -1.145 1.166
1 2 3 4 5 6 7 8 9 10 11 12 13:39.912:-2.116 -5.841 -3.823 -2.768 -2.683 -2.913 -2.494 -3.399 -2.466 -4.082 -3.097 -0.772 -3.458
1 2 3 4 5 6 7 8 9 10 11 12 13:33.103:-2.432 -1.281 -2.572 0.065 -3.509 -4.439 -3.325 -4.252 1.545 -5.167 0.688 -2.335 -1.493
1 2 3 4 5 6 7 8 9 10 11 12 13:21.046:0 3.142 1.6 1.831 2.078 1.247 0.794 4.441 0.553 1.923 1.978 0.398 1.061
1 2 3 4 5 6 7 8 9 10 11 12 13:22.379:0 -0.53 2.126 -2.987 4.071 4.843 3.15 1.026 0.275 2.201 -0.323 0.397 0.45
1 2 3 4 5 6 7 8 9 10 11 12 13:16.095:-1.108 -1.332 1.388 1.192 -1.467 -0.446 -1.781 -1.887 -1.783 1.846 -1.321 -0.395 0.149
1 2 3 4 5 6 7 8 9 10 11 12 13:17.798:1.12 0.607 2.51 -0.818 2.73 0.448 1.295 3.994 0.978 -0.302 0.414 0.794 1.788
1 2 3 4 5 6 7 8 9 10 11 12 13:22.422:0.277 3.219 0.816 2.408 0.725 -1.54 0.767 2.845 1.66 1.515 2.485 1.969 2.196
1 2 3 4 5 6 7 8 9 10 11 12 13:16.403:-0.276 0.52 -2.355 2.48 -0.48 2.881 -0.508 -2.351 -0.272 0.896 0.793 -1.158 1.433
1 2 3 4 5 6 7 8 9 10 11 12 13:15.950:-0.831 1.293 -4.22 1.226 0 1.32 0.255 3.258 1.91 -0.592 0.904 0 -0.141
1 2 3 4 5 6 7 8 9 10 11 12 13:13.323:0.838 0.064 -6.216 -1.211 -0.241 -0.908 -0.509 0.823 0.268 1.786 -0.035 0 -0.424
1 2 3 4 5 6 7 8 9 10 11 12 13:7.548:0 1.02 -0.503 1.006 0.725 -0.04 1.023 -0.136 1.602 0.292 0.384 0.391 0.426
1 2 3 4 5 6 7 8 9 10 11 12 13:10.716:4.986 -0.379 1.012 -0.404 -0.48 -1.076 0 0.817 -0.526 0 -0.081 0.389 -0.566
1 2 3 4 5 6 7 8 9 10 11 12 13:20.962:-3.166 -1.014 -3.255 -2.468 -1.446 -1.41 -0.759 -2.432 -1.189 -1.458 -0.452 -0.775 -1.138
1 2 3 4 5 6 7 8 9 10 11 12 13:6.590:-0.545 1.601 -0.777 1.057 0 0.695 0 0.139 0.668 0.296 0.524 0 0.288
1 2 3 4 5 6 7 8 9 10 11 12 13:21.246:-0.274 -0.252 -0.522 -0.158 0.978 1.38 0.51 4.426 -0.266 -1.18 0.22 10.937 0.143
1 2 3 4 5 6 7 8 9 10 11 12 13:11.071:-0.824 -1.137 -1.748 -0.444 -0.726 0.08 -0.761 -0.662 0.133 -0.896 0.127 -2.817 -0.716
1 2 3 4 5 6 7 8 9 10 11 12 13:11.129:0.831 0.511 -0.178 -0.989 0.244 2.88 0.767 -0.267 0.532 1.506 0.035 -1.812 -0.577
1 2 3 4 5 6 7 8 9 10 11 12 13:30.303:1.374 3.369 1.248 4.09 3.163 4.082 2.538 2.406 2.513 1.484 2.506 0.369 1.161
1 2 3 4 5 6 7 8 9 10 11 12 13:83.954:8.13 5.658 5.722 3.187 9.434 3.997 12.624 3.264 7.871 8.772 4.472 5.515 5.308
1 2 3 4 5 6 7 8 9 10 11 12 13:36.818:-3.258 -4.191 -2.998 -2.399 0 -1.545 -3.956 -2.149 -4.904 -4.032 -2.07 -3.136 -2.18
1 2 3 4 5 6 7 8 9 10 11 12 13:53.533:-3.886 -4.921 -3.948 -4.793 -7.543 -2.882 -4.805 -3.876 -4.151 -3.641 -3.667 -1.799 -3.621
1 2 3 4 5 6 7 8 9 10 11 12 13:10.403:-1.078 0.511 -2.234 0 -0.233 -2.442 0 -0.538 0 -0.581 0.309 -1.465 1.012
1 2 3 4 5 6 7 8 9 10 11 12 13:8.093:-0.272 1.335 -0.366 1.226 -0.935 1.656 -0.962 0.541 0.131 0 0.011 -0.372 0.286
1 2 3 4 5 6 7 8 9 10 11 12 13:8.867:-0.273 -0.063 0.183 2.518 -0.472 -0.038 0 -0.672 0.917 0.292 2.495 0.373 -0.571
1 2 3 4 5 6 7 8 9 10 11 12 13:18.839:-1.096 -2.26 -1.19 -1.928 -0.474 -2.766 -0.971 -1.083 -1.558 -2.041 -2.012 -0.743 -0.717
1 2 3 4 5 6 7 8 9 10 11 12 13:14.149:0 0.193 -1.576 1.395 -1.667 -2.572 -1.716 -1.094 1.187 -0.298 1.327 -1.124 0
1 2 3 4 5 6 7 8 9 10 11 12 13:19.165:1.108 1.859 -0.094 2.376 1.453 4.28 1.496 1.383 2.086 1.493 -0.381 0 1.156
1 2 3 4 5 6 7 8 9 10 11 12 13:29.236:3.288 2.832 3.864 2.718 1.193 2.954 0.491 1.501 1.277 0.588 3.394 1.136 4
1 2 3 4 5 6 7 8 9 10 11 12 13:40.312:6.366 0.061 0.726 2.884 4.481 4.583 11.247 2.016 1.135 2.632 -1.522 2.247 -0.412
1 2 3 4 5 6 7 8 9 10 11 12 13:9.992:-0.249 0.856 1.982 2.225 0.451 1.033 -1.099 0 1.247 0 -0.298 0 0.552
1 2 3 4 5 6 7 8 9 10 11 12 13:18.808:0.75 2.304 2.12 2.969 0.899 0.599 -0.667 -0.264 1.232 -0.57 2.546 0.733 3.155
1 2 3 4 5 6 7 8 9 10 11 12 13:10.444:1.985 -1.186 -0.519 -1.29 1.114 -1.788 0.224 -0.264 -0.122 -0.287 0.335 0 -1.33
1 2 3 4 5 6 7 8 9 10 11 12 13:23.783:-2.19 -1.26 -2.435 -2.949 -2.203 -0.678 -1.786 -1.722 -2.801 0.575 -1.614 -1.818 -1.752
1 2 3 4 5 6 7 8 9 10 11 12 13:8.178:0.746 2.066 0.535 0.229 0.225 0.395 0 -0.27 0 -0.857 0.153 0.37 2.332
1 2 3 4 5 6 7 8 9 10 11 12 13:33.317:1.975 4.881 1.95 1.373 2.022 1.288 2.045 0.811 1.003 6.052 0.022 9.225 0.67
1 2 3 4 5 6 7 8 9 10 11 12 13:16.039:-0.484 -0.681 0.348 -0.339 -0.22 3.039 -0.891 -0.536 0.372 -1.359 2.456 -3.716 1.598
1 2 3 4 5 6 7 8 9 10 11 12 13:38.703:3.163 0.686 1.56 5.887 1.766 9.602 4.27 1.752 1.978 0.826 2.93 0.351 3.932
1 2 3 4 5 6 7 8 9 10 11 12 13:24.842:-0.472 -0.284 1.109 -0.241 1.085 2.347 -2.371 3.576 0.485 -0.273 -0.269 0.35 11.98
1 2 3 4 5 6 7 8 9 10 11 12 13:14.772:0 1.024 1.013 3.725 -0.429 0.581 0.221 -0.384 2.654 1.644 1.848 -0.348 0.901
1 2 3 4 5 6 7 8 9 10 11 12 13:50.852:4.028 4.845 3.926 2.79 1.724 4.225 0.881 3.723 8.108 3.504 1.498 2.448 9.152
1 2 3 4 5 6 7 8 9 10 11 12 13:54.023:-1.822 -3.976 -3.055 -4.147 -4.873 -7.174 -4.803 -3.96 -4.022 -4.687 -1.958 -2.389 -7.157
1 2 3 4 5 6 7 8 9 10 11 12 13:29.661:-2.784 3.19 -1.161 2.412 0.223 2.702 -2.294 -2.835 -2.378 -0.82 2.397 -1.399 5.066
1 2 3 4 5 6 7 8 9 10 11 12 13:43.362:5.012 3.525 2.768 2.202 2.222 6.577 2.582 2.255 3.596 1.928 0.61 3.901 6.184
1 2 3 4 5 6 7 8 9 10 11 12 13:22.217:-1.364 -0.943 -0.49 -0.501 -0.652 4.765 -0.915 3.891 -1.568 -2.703 0 -1.365 -3.06
1 2 3 4 5 6 7 8 9 10 11 12 13:16.714:-1.613 2.062 0.246 1.687 -1.532 2.849 0.231 -0.749 2.162 0.556 0.706 0.692 -1.629
1 2 3 4 5 6 7 8 9 10 11 12 13:28.777:2.108 3.523 1.227 -4.258 4.889 -0.852 2.304 2.893 2.116 1.934 1.194 1.375 -0.104
1 2 3 4 5 6 7 8 9 10 11 12 13:28.136:-0.229 2.703 1.536 3.853 -3.178 1.8 1.351 5.501 0.981 0.271 1.288 -0.678 4.767
1 2 3 4 5 6 7 8 9 10 11 12 13:67.391:-4.828 -4.678 -5.334 -2.689 -3.282 -7.997 -4.889 -6.837 -10.691 -3.514 -3.429 -1.706 -7.517
1 2 3 4 5 6 7 8 9 10 11 12 13:18.303:0.483 -0.307 0.757 9.775 -1.357 -1.262 -0.701 -0.124 1.814 -0.28 0.16 0 -1.283
1 2 3 4 5 6 7 8 9 10 11 12 13:11.676:-0.481 1.59 0.835 0.07 0 0 0.706 1.619 0 2.247 2.698 -0.347 1.083
1 2 3 4 5 6 7 8 9 10 11 12 13:31.061:2.899 3.281 3.56 4.472 0.688 0.639 0.467 8.211 0 0 1.163 0 5.681
1 2 3 4 5 6 7 8 9 10 11 12 13:21.456:-2.113 -1.369 0.08 0.758 -0.911 -3.435 -1.628 1.246 -1.781 -2.747 1.141 -0.697 -3.55
1 2 3 4 5 6 7 8 9 10 11 12 13:21.825:2.638 1.685 0.799 1.261 1.379 3.348 0.946 1.23 1.33 2.26 0.531 1.053 3.365
1 2 3 4 5 6 7 8 9 10 11 12 13:32.112:0 2.973 0.158 6.753 0.68 2.141 0 5.525 1.193 -0.829 -1.357 1.042 9.461
1 2 3 4 5 6 7 8 9 10 11 12 13:14.647:1.869 0.663 2.769 -0.594 1.126 1.416 0.937 -1.257 1.179 0.557 1.128 0.687 0.465
1 2 3 4 5 6 7 8 9 10 11 12 13:25.305:-2.523 -5.313 -1.001 -2.821 -2.673 -1.815 0.464 -0.848 -1.515 -0.554 -0.898 -1.365 -3.515
1 2 3 4 5 6 7 8 9 10 11 12 13:23.610:-1.647 0.596 -3.188 -1.844 0 -1.991 -1.155 -2.032 -0.947 -1.114 -2.822 -1.384 -4.89
1 2 3 4 5 6 7 8 9 10 11 12 13:7.570:-0.239 0.049 -0.803 -0.345 0 -1.944 -0.467 0.437 -0.239 -0.845 0.343 -1.053 0.806
1 2 3 4 5 6 7 8 9 10 11 12 13:22.144:-2.638 -2.417 -0.648 -1.386 -0.458 -1.864 -1.174 -6.413 -0.359 0.284 -0.939 -1.064 -2.5
1 2 3 4 5 6 7 8 9 10 11 12 13:23.922:-0.246 -2.174 -2.526 -2.438 -0.69 -1.055 -0.475 -3.6 -1.202 -0.85 -2.26 -2.509 -3.897
1 2 3 4 5 6 7 8 9 10 11 12 13:9.486:-0.494 0.827 -0.502 -0.901 -0.463 -0.762 -0.239 0.723 -1.095 -1.429 0.616 0.368 1.067
1 2 3 4 5 6 7 8 9 10 11 12 13:16.508:-1.737 -1.333 -0.756 -0.227 -1.628 -1.597 -1.196 -1.675 2.46 -1.449 1.134 -0.366 -0.95
1 2 3 4 5 6 7 8 9 10 11 12 13:58.566:-3.03 -5.61 -3.556 -3.53 -4.255 -10.3 -4.116 -5.231 -4.202 -2.941 -3.454 -1.838 -6.503
1 2 3 4 5 6 7 8 9 10 11 12 13:31.822:1.563 2.807 2.722 2.03 1.481 5.08 0 3.209 1.88 2.727 1.367 0 6.956
1 2 3 4 5 6 7 8 9 10 11 12 13:40.388:5.128 -0.054 -0.256 -1.203 10.462 3.841 13.636 0 -0.492 1.77 0.02 2.247 -1.279
1 2 3 4 5 6 7 8 9 10 11 12 13:11.273:-0.488 -0.321 -1.114 0.726 0.441 -2.36 -0.444 -0.124 -1.236 -0.58 -0.527 -1.832 -1.08
1 2 3 4 5 6 7 8 9 10 11 12 13:52.337:-2.696 -4.514 -1.733 -5.766 -3.289 -3.527 -3.795 -5.479 -3.63 -6.997 -4.087 -2.239 -4.585
1 2 3 4 5 6 7 8 9 10 11 12 13:31.516:-3.778 -2.926 -3.263 -1.678 -2.721 -3.216 -2.784 -4.48 -2.338 0.627 -1.148 -1.527 -1.03
1 2 3 4 5 6 7 8 9 10 11 12 13:10.130:0.524 -0.58 -1.003 -0.05 -0.466 -0.105 -0.477 1.379 -0.798 2.804 -0.978 0.388 -0.578
1 2 3 4 5 6 7 8 9 10 11 12 13:20.545:0 2.099 -0.368 3.791 0.234 0.385 0.719 0.544 2.815 0.303 3.203 0.386 5.698
1 2 3 4 5 6 7 8 9 10 11 12 13:7.606:-0.521 0.628 0.462 0.218 1.168 0.244 -0.238 0.135 0.391 -0.604 0.358 0.769 1.87
1 2 3 4 5 6 7 8 9 10 11 12 13:9.306:1.832 0.568 -0.46 -0.314 0.231 -0.731 0.716 0 0 -2.128 -0.807 -0.763 -0.756
1 2 3 4 5 6 7 8 9 10 11 12 13:16.892:-1.542 -1.749 -0.647 -1.913 -1.152 1.612 -1.896 -0.811 -1.299 0 -1.659 0 -2.612
1 2 3 4 5 6 7 8 9 10 11 12 13:21.847:0.522 2.872 0.372 3.258 0.932 0.862 1.208 1.09 1.316 2.174 2.45 0.769 4.022
1 2 3 4 5 6 7 8 9 10 11 12 13:23.755:1.039 2.848 1.576 2.654 0.693 5.13 0.716 0.674 2.208 0.608 3.115 1.527 0.967
1 2 3 4 5 6 7 8 9 10 11 12 13:14.195:2.571 0.163 0.091 0.14 3.67 -0.195 3.081 -0.535 0.381 1.813 -0.59 0.752 0.213
1 2 3 4 5 6 7 8 9 10 11 12 13:43.007:3.258 2.114 4.284 3.326 2.876 4.433 5.057 4.576 3.165 2.671 1.238 2.612 3.397
1 2 3 4 5 6 7 8 9 10 11 12 13:15.993:1.456 -1.115 0.087 -2.228 -1.29 -0.687 -1.969 -1.544 -1.227 -0.578 -1.395 -0.364 -2.053
1 2 3 4 5 6 7 8 9 10 11 12 13:18.705:-2.392 -0.859 -1.921 -0.737 -2.614 -2.891 -3.348 -1.438 -0.248 -1.163 0.154 -0.73 -0.21
1 2 3 4 5 6 7 8 9 10 11 12 13:14.444:-0.49 -2.274 -0.712 -2.018 -0.671 -1.65 -0.462 -0.663 -0.996 -0.588 -0.768 -1.471 -1.681
1 2 3 4 5 6 7 8 9 10 11 12 13:16.357:-1.97 -1.773 -1.614 0.45 -1.126 -1.744 -2.088 -0.935 -0.881 -0.888 -0.753 -0.746 -1.389
1 2 3 4 5 6 7 8 9 10 11 12 13:41.539:-1.508 -4.23 -3.92 -4.76 -2.278 -4.722 -1.896 -2.291 -3.553 -3.284 -2.775 -1.88 -4.442
1 2 3 4 5 6 7 8 9 10 11 12 13:50.754:-4.082 -5.595 -5.977 -5.567 -1.399 -3.445 -2.657 -5.241 -3.289 -1.543 -3.976 -3.448 -4.535
1 2 3 4 5 6 7 8 9 10 11 12 13:14.994:1.064 -1.497 2.523 0.707 -0.709 0.801 0 4.221 0.544 -0.313 -0.712 1.19 0.713
1 2 3 4 5 6 7 8 9 10 11 12 13:16.719:2.105 1.14 1.476 2.862 0.238 -0.65 0 0.838 1.353 -0.314 2.209 1.176 2.358
1 2 3 4 5 6 7 8 9 10 11 12 13:18.102:1.031 1.691 2.231 1.416 0.475 2.872 0.248 1.108 1.469 0.946 1.305 0.775 2.535
1 2 3 4 5 6 7 8 9 10 11 12 13:27.436:0 -2.155 -2.182 -3.267 3.783 -2.792 2.97 -2.055 -3.026 -0.625 -1.05 -0.385 -3.146
1 2 3 4 5 6 7 8 9 10 11 12 13:10.463:-0.51 0.503 -0.873 0.851 -2.05 -1.054 -1.442 -0.42 1.085 -0.314 0.241 -0.772 -0.348
1 2 3 4 5 6 7 8 9 10 11 12 13:12.453:0 1.315 0.489 1.15 0 3.6 0.488 0.702 0.134 -0.315 0.688 0.778 2.794
1 2 3 4 5 6 7 8 9 10 11 12 13:7.351:-1.026 0.062 0 -0.581 -0.233 -0.957 -0.485 0.139 -0.402 0.633 -1.474 0 -1.359
1 2 3 4 5 6 7 8 9 10 11 12 13:11.272:-1.295 -0.988 -0.974 -0.864 -0.932 -1.253 -0.732 1.532 0 0 -0.594 -0.386 -1.722
1 2 3 4 5 6 7 8 9 10 11 12 13:13.936:0.787 2.246 1.082 2.538 0 1.233 0 -0.274 0.404 1.258 1.937 0.775 1.402
1 2 3 4 5 6 7 8 9 10 11 12 13:23.174:1.042 2.257 2.432 2.751 0.941 1.827 0.983 1.376 1.877 2.174 2.248 1.538 1.728
1 2 3 4 5 6 7 8 9 10 11 12 13:11.429:4.124 0.119 0.57 0.535 0.233 1.126 -0.243 0.407 0.921 0 2.698 0 0.453
1 2 3 4 5 6 7 8 9 10 11 12 13:16.281:1.238 1.192 2.172 2.154 1.163 0.348 0.732 0.135 1.043 0.912 1.841 0.758 2.593
1 2 3 4 5 6 7 8 9 10 11 12 13:11.115:-0.489 2.002 -0.277 0.711 -0.69 -0.797 0.484 3.104 0.129 0 -0.142 -0.752 1.538
1 2 3 4 5 6 7 8 9 10 11 12 13:7.936:0 1.155 0.927 -0.094 -0.231 0.734 -0.723 -1.178 0.258 0 -0.092 0.379 -2.165
1 2 3 4 5 6 7 8 9 10 11 12 13:36.777:1.474 5.194 1.837 3.486 3.248 3.018 3.155 3.046 3.728 2.41 2.524 1.887 1.77
1 2 3 4 5 6 7 8 9 10 11 12 13:15.237:-1.211 0.054 -1.353 0.774 -2.022 -1.886 -1.412 0.386 -0.991 -1.471 0.457 -1.481 -1.739
1 2 3 4 5 6 7 8 9 10 11 12 13:13.806:0.49 0.597 -0.091 0.61 -0.459 0.103 0 8.579 0.125 -0.597 0.85 -0.752 0.553
1 2 3 4 5 6 7 8 9 10 11 12 13:11.555:-0.976 1.24 -0.823 1.167 0 -0.617 0.716 1.769 0.5 1.502 0.216 0.379 1.65
1 2 3 4 5 6 7 8 9 10 11 12 13:9.980:2.956 -0.319 0.369 1.021 -0.23 0.759 -0.948 -0.695 -0.124 -0.296 -0.587 -0.377 -1.299
1 2 3 4 5 6 7 8 9 10 11 12 13:4.502:0.718 0.16 -0.092 0.022 -0.462 -0.205 0 -0.117 -0.747 0 1.111 0.758 0.11
1 2 3 4 5 6 7 8 9 10 11 12 13:24.770:-2.138 -1.6 -2.116 -2.02 -0.928 -2.916 -1.675 -3.855 -1.882 -1.187 -1.401 -0.752 -2.3
1 2 3 4 5 6 7 8 9 10 11 12 13:23.882:4.612 3.902 1.692 2.376 1.171 0.177 1.703 2.673 2.302 0.601 1.776 0 0.897
1 2 3 4 5 6 7 8 9 10 11 12 13:10.852:-2.552 0.887 -0.555 0.022 -1.157 0.106 -1.435 -1.302 0 1.493 -0.853 -0.379 -0.111
1 2 3 4 5 6 7 8 9 10 11 12 13:32.858:-3.095 -4.137 -2.788 -5.625 -1.405 -1.832 -0.971 -2.518 -3 -0.882 -1.701 -1.901 -3.003
1 2 3 4 5 6 7 8 9 10 11 12 13:38.556:-3.931 -0.108 -2.199 -3.2 -3.8 -3.41 -1.716 -7.011 -2.062 -4.154 -1.701 -1.938 -3.326
1 2 3 4 5 6 7 8 9 10 11 12 13:39.016:3.325 6.371 2.346 6.085 2.963 0.595 0.998 3.704 3.684 1.238 4.149 2.372 1.186
1 2 3 4 5 6 7 8 9 10 11 12 13:67.825:3.96 5.076 5.349 8.762 4.317 7.758 3.21 4.974 4.442 5.199 2.779 3.089 8.91
1 2 3 4 5 6 7 8 9 10 11 12 13:10.546:0 -0.193 0.181 -0.789 -0.69 2.914 1.435 -0.243 -0.729 0.291 -1.04 0.749 1.292
1 2 3 4 5 6 7 8 9 10 11 12 13:25.225:0 4.114 -1.719 5.881 0.694 4.397 0.943 0.487 1.714 0.58 2.837 1.115 0.744
1 2 3 4 5 6 7 8 9 10 11 12 13:21.407:-2.143 -1.302 1.381 2.293 -1.609 -2.329 -2.804 -1.939 -0.602 -1.729 -1.115 -0.368 -1.793
1 2 3 4 5 6 7 8 9 10 11 12 13:52.079:3.65 3.062 4.905 4.213 1.402 9.866 4.087 3.214 3.632 3.812 1.409 1.845 6.982
1 2 3 4 5 6 7 8 9 10 11 12 13:13.117:-1.408 0.137 1.212 -1.762 1.382 -0.059 -0.462 -0.24 -0.467 -1.13 0.056 -1.087 -3.715
1 2 3 4 5 6 7 8 9 10 11 12 13:22.869:-2.143 -2.738 -3.336 -1.472 -2.045 0.238 -2.32 -2.041 -2.582 -0.571 -1.814 -1.465 0.104
1 2 3 4 5 6 7 8 9 10 11 12 13:20.827:-1.217 6.007 2.212 -1.111 -0.232 -5.64 -0.238 0.49 0.482 -1.437 0.556 -0.372 -0.833
1 2 3 4 5 6 7 8 9 10 11 12 13:16.458:-0.739 4.427 -0.693 1.007 -1.628 -2.076 -1.667 0.732 0.719 -1.458 -0.356 -0.746 0.21
1 2 3 4 5 6 7 8 9 10 11 12 13:11.629:0.248 -2.628 -1.221 -0.173 0.236 -0.032 -0.726 -2.663 -0.952 -0.592 0.734 -0.376 -1.048
1 2 3 4 5 6 7 8 9 10 11 12 13:8.014:-0.495 -0.131 -0.706 -0.557 -0.236 1.414 0.488 0.373 -1.923 -0.595 0.99 0 -0.106
1 2 3 4 5 6 7 8 9 10 11 12 13:24.182:-1.493 -1.003 -1.956 -2.821 -1.655 -2.947 -1.456 -1.363 -2.574 -1.198 -2.026 -1.887 -1.803
1 2 3 4 5 6 7 8 9 10 11 12 13:70.715:-4.04 -6.561 -5.44 -6.66 -3.606 -2.71 -5.172 -8.166 -6.667 -5.455 -5.325 -3.462 -7.451
1 2 3 4 5 6 7 8 9 10 11 12 13:37.010:1.316 3.817 2.301 5.623 1.746 3.221 1.299 3.694 3.504 2.244 4.667 1.594 1.984
1 2 3 4 5 6 7 8 9 10 11 12 13:15.404:0 -2.86 -0.656 -1.472 0.735 -1.105 0.769 0.66 0.391 3.448 -1.543 0.392 1.373
1 2 3 4 5 6 7 8 9 10 11 12 13:16.468:-1.558 -1.215 -1.509 -2.006 -1.217 -0.197 -1.272 -3.145 -1.297 0.303 -0.726 -0.781 -1.242
1 2 3 4 5 6 7 8 9 10 11 12 13:8.845:0 -0.331 0.67 -0.48 -1.232 0.165 -1.031 -1.083 -0.788 -0.906 0.458 -0.787 -0.914
1 2 3 4 5 6 7 8 9 10 11 12 13:22.403:-1.583 -1.519 -2.284 -2.225 -1.746 -3.223 -2.083 -3.01 -0.662 -1.22 -0.67 -0.794 -1.384
1 2 3 4 5 6 7 8 9 10 11 12 13:28.926:-3.485 1.06 -2.24 -1.073 -3.553 -1.155 -2.66 -1.693 -0.8 -1.852 -2.628 -2.4 -4.327
1 2 3 4 5 6 7 8 9 10 11 12 13:19.701:2.5 2.766 1.594 -0.564 1.053 2.819 1.913 0.861 0.403 0.314 0.06 0.82 4.034
1 2 3 4 5 6 7 8 9 10 11 12 13:116.181:-6.233 -6.729 -13.235 -9.099 -8.073 -8.626 -9.651 -9.815 -14.324 -7.524 -5.224 -8.13 -9.518
1 2 3 4 5 6 7 8 9 10 11 12 13:59.276:2.023 6.269 5.763 4.873 2.55 3.439 4.154 6.94 9.219 3.729 2.179 3.982 4.156
1 2 3 4 5 6 7 8 9 10 11 12 13:5.332:0.85 -0.234 0.107 0.526 0.552 1.273 0.57 0.147 -0.143 0.327 0.052 0.426 0.125
1 2 3 4 5 6 7 8 9 10 11 12 13:16.228:1.124 -3.238 1.921 -1.571 0.824 -0.454 0.567 0.147 1.289 0.326 -1.852 0.424 2.491
1 2 3 4 5 6 7 8 9 10 11 12 13:8.102:-0.556 -0.485 -1.466 -0.555 0.272 1.228 0.845 0 -0.707 0 -1.444 0.422 0.122
1 2 3 4 5 6 7 8 9 10 11 12 13:15.540:-0.279 -1.998 -0.744 -2.233 -1.087 -1.525 -0.838 -0.735 -1.425 0 -1.166 -0.84 -2.67
1 2 3 4 5 6 7 8 9 10 11 12 13:43.472:-1.401 -7.708 -0.964 -4.425 -2.198 -6.758 -2.254 -2.519 -1.156 -1.623 -4.687 -2.542 -5.237
1 2 3 4 5 6 7 8 9 10 11 12 13:33.484:1.42 5.011 2.378 4.232 1.685 9.287 0.576 3.04 2.047 1.32 0 1.304 1.184
1 2 3 4 5 6 7 8 9 10 11 12 13:22.285:1.12 1.437 1.584 1.266 2.21 0.898 2.579 1.77 2.006 0.977 2.589 0.858 2.991
1 2 3 4 5 6 7 8 9 10 11 12 13:21.620:1.108 3.035 1.04 1.132 1.622 1.849 2.514 0.87 0.983 1.29 3.764 1.277 1.136
1 2 3 4 5 6 7 8 9 10 11 12 13:8.679:-0.822 2.504 0.206 1.656 -0.532 -0.202 -0.272 0.287 0.834 0.637 0.352 0 -0.375
1 2 3 4 5 6 7 8 9 10 11 12 13:16.540:-0.829 2.395 0.308 1.468 -0.535 2.695 -1.093 1.146 1.517 -0.316 3.147 0.84 0.251
1 2 3 4 5 6 7 8 9 10 11 12 13:18.922:-0.557 -0.935 -3.173 -1.017 -0.806 -2.46 -1.105 -3.541 -2.174 -0.635 0.144 -1.25 -1.125
1 2 3 4 5 6 7 8 9 10 11 12 13:14.088:0.28 1.7 2.431 2.513 0.271 1.715 0.279 1.322 -0.278 0.319 1.42 0.422 1.138
1 2 3 4 5 6 7 8 9 10 11 12 13:12.976:-0.279 0.232 -0.826 0.735 0.27 3.504 0.279 1.304 0.279 2.866 1.857 -0.42 -0.125
1 2 3 4 5 6 7 8 9 10 11 12 13:13.149:0 -1.343 -1.249 -0.487 2.695 -0.543 1.389 -1.001 -0.833 0.31 -2.251 0.422 -0.626
1 2 3 4 5 6 7 8 9 10 11 12 13:6.435:0 0.282 0.738 0.467 -0.262 -1.028 -0.274 0.289 -0.28 0 0.632 -0.42 -1.763
1 2 3 4 5 6 7 8 9 10 11 12 13:9.270:-0.56 -0.515 -1.046 -0.31 -0.789 -1.72 -1.374 -0.144 0.281 -1.235 -0.618 -0.422 -0.256
1 2 3 4 5 6 7 8 9 10 11 12 13:9.814:-0.563 -0.094 -0.211 0.155 -1.061 -1.056 -0.279 -2.309 -0.42 -0.938 -0.724 -0.847 -1.157
1 2 3 4 5 6 7 8 9 10 11 12 13:8.730:-1.133 2.214 -0.847 -0.155 -0.804 -0.601 0 -0.739 -0.422 -0.946 0.739 0 -0.13
1 2 3 4 5 6 7 8 9 10 11 12 13:20.711:1.719 3.18 -1.709 1.509 -2.432 0.168 -1.397 -1.786 0.706 -2.229 1.386 -1.709 -0.781
1 2 3 4 5 6 7 8 9 10 11 12 13:20.250:-6.761 -0.357 -1.304 -0.109 -1.108 -0.737 -2.55 0 -1.964 -0.977 -0.503 -2.174 -1.706
1 2 3 4 5 6 7 8 9 10 11 12 13:43.681:4.23 2.196 3.304 0 5.602 3.174 10.174 -3.333 0.286 3.947 -0.141 3.556 3.738
1 2 3 4 5 6 7 8 9 10 11 12 13:21.157:-3.188 -2.105 -2.239 -0.306 -2.653 0.72 -4.222 1.254 0 -2.215 -0.152 1.717 -0.386
1 2 3 4 5 6 7 8 9 10 11 12 13:52.732:3.892 3.943 5.344 5.357 2.997 4.029 2.204 6.966 3.709 2.589 2.968 2.532 6.202
1 2 3 4 5 6 7 8 9 10 11 12 13:23.693:3.746 0.086 1.967 0.563 2.116 0.843 1.887 3.763 1.513 3.155 0.826 1.646 1.582
1 2 3 4 5 6 7 8 9 10 11 12 13:15.234:2.222 -0.086 3.046 0.684 0.777 0.557 0.265 0.279 0.136 1.835 -0.585 0.81 3.952
1 2 3 4 5 6 7 8 9 10 11 12 13:34.660:1.902 3.362 2.66 2.017 4.113 3.727 2.375 -8.067 1.759 1.201 0.893 2.008 0.576
1 2 3 4 5 6 7 8 9 10 11 12 13:9.782:0.533 -0.584 -2.399 -0.484 1.235 0.772 0.258 0.908 -0.399 0.297 0.195 0 -1.718
1 2 3 4 5 6 7 8 9 10 11 12 13:12.918:-0.265 0.923 3.147 0.689 -0.732 0.265 -0.514 -1.199 0.801 1.479 0.223 0 2.681
1 2 3 4 5 6 7 8 9 10 11 12 13:8.580:-0.266 0 -0.572 -0.906 -1.229 0.617 -0.775 0.455 -0.795 0.583 -0.233 -0.787 -1.362
1 2 3 4 5 6 7 8 9 10 11 12 13:20.743:-1.6 -0.125 -2.205 -1.889 -1.493 -2.395 -1.302 -1.057 -1.869 -0.87 -0.398 -2.778 -2.762
1 2 3 4 5 6 7 8 9 10 11 12 13:5.161:-0.271 -0.583 0.392 0.497 -0.758 0.15 0 0 -0.272 -0.292 0.946 0.408 -0.592
1 2 3 4 5 6 7 8 9 10 11 12 13:27.069:-2.717 -4.646 -2.148 -3.441 -1.527 -2.36 -1.319 -1.221 -1.228 -1.466 -1.584 -1.626 -1.786
1 2 3 4 5 6 7 8 9 10 11 12 13:11.409:0.279 -0.746 -1.297 0.149 2.584 -1.285 -0.535 -1.391 -1.381 -1.19 0.451 0 0.121
1 2 3 4 5 6 7 8 9 10 11 12 13:8.168:1.671 -0.398 0.303 -0.661 0.252 2.139 0.538 0.157 0 -0.301 -0.488 -0.413 -0.847
1 2 3 4 5 6 7 8 9 10 11 12 13:12.544:0.274 1.155 0.907 2.102 -0.251 0.759 0.535 2.034 0.7 1.208 1.374 1.245 0
1 2 3 4 5 6 7 8 9 10 11 12 13:20.253:-0.546 -2.151 -0.999 -1.996 -1.259 -2.651 -0.532 -2.147 -1.53 -1.194 -3.041 -1.23 -0.977
1 2 3 4 5 6 7 8 9 10 11 12 13:20.815:-1.648 -0.269 -1.615 -2.229 -2.806 -1.3 -2.139 -1.567 -1.412 -1.813 -1.169 -1.245 -1.603
1 2 3 4 5 6 7 8 9 10 11 12 13:18.705:0.838 3.914 0.821 3.289 -0.525 1.599 0.82 -1.115 2.006 -0.308 2.173 0.42 0.877
1 2 3 4 5 6 7 8 9 10 11 12 13:12.393:-1.385 0.519 -0.712 -1.634 -0.528 0.71 -0.813 0.644 -0.562 -0.926 -1.632 -0.837 -1.491
1 2 3 4 5 6 7 8 9 10 11 12 13:7.751:1.685 -0.345 -0.41 0.647 0 -1.103 0.273 -0.96 -0.141 0 2.061 0 -0.126
1 2 3 4 5 6 7 8 9 10 11 12 13:15.561:-0.829 -2.42 -0.926 -1.522 -0.531 1.301 -0.545 -0.162 -0.707 -0.623 -2.207 0 -3.788
1 2 3 4 5 6 7 8 9 10 11 12 13:11.462:-1.393 -0.133 -0.935 0.044 -1.333 -1.59 -0.822 -0.809 -0.142 1.881 -1.068 0 1.312
1 2 3 4 5 6 7 8 9 10 11 12 13:31.059:-2.825 -4.08 -2.411 -2.982 -1.081 -3.605 -1.381 -1.305 -1.997 -2.154 -2.312 -1.688 -3.238
1 2 3 4 5 6 7 8 9 10 11 12 13:14.876:-0.581 -2.127 -1.719 0.83 -1.093 -2.676 -1.401 1.983 -0.291 -0.629 0.073 0 -1.473
1 2 3 4 5 6 7 8 9 10 11 12 13:17.450:-0.585 -0.85 0.546 -2.403 1.657 1.524 -0.568 -1.783 -1.168 -1.266 0.823 -1.288 -2.989
1 2 3 4 5 6 7 8 9 10 11 12 13:21.186:-0.882 -1.62 -1.087 -8.206 -1.902 -1.827 -1.714 -0.495 -1.034 -0.321 -1.663 -0.435 0
1 2 3 4 5 6 7 8 9 10 11 12 13:14.411:-2.374 -2.179 -0.549 -0.819 -1.939 -1.163 -1.744 1.161 -0.597 -0.322 -0.147 -0.437 0.98
1 2 3 4 5 6 7 8 9 10 11 12 13:27.774:-3.343 0.248 -3.094 1.252 -3.107 -2.993 -2.959 -2.623 -0.601 -2.903 0.284 -1.316 -3.051
1 2 3 4 5 6 7 8 9 10 11 12 13:64.100:-2.516 -5.136 -6.499 -4.674 -2.915 -4.506 -2.744 -7.407 -13.595 -5.98 -2.917 -1.778 -3.433
1 2 3 4 5 6 7 8 9 10 11 12 13:37.856:1.29 -1.093 2.683 0.285 2.102 5.662 0.313 3.273 2.448 3.18 -3.891 4.525 7.111
1 2 3 4 5 6 7 8 9 10 11 12 13:33.725:1.274 5.105 2.969 2.302 2.941 6.252 2.812 1.232 0.853 1.712 2.328 1.732 2.213
1 2 3 4 5 6 7 8 9 10 11 12 13:23.673:1.887 2.303 3.345 2.528 2 -0.323 3.343 1.217 1.354 1.684 2.703 -0.851 -0.135
1 2 3 4 5 6 7 8 9 10 11 12 13:15.150:0 -2.643 -0.446 -2.811 0.28 -0.259 3.235 0.687 -0.835 0.993 -1.99 0.429 -0.542
1 2 3 4 5 6 7 8 9 10 11 12 13:30.771:-2.16 -3.167 -2.242 -5.126 -1.955 -1.171 -2.564 -2.218 -1.684 1.639 -2.293 -1.282 -3.27
1 2 3 4 5 6 7 8 9 10 11 12 13:26.665:1.262 3.271 3.326 3.985 1.14 3.554 0.877 1.047 2.568 0.323 3.33 -0.433 1.549
1 2 3 4 5 6 7 8 9 10 11 12 13:17.729:1.246 -2.313 2.775 -1.929 -1.972 -0.413 -2.029 0.345 2.17 -0.965 -0.324 0 1.248
1 2 3 4 5 6 7 8 9 10 11 12 13:11.456:-0.923 -1.39 1.836 -0.472 0.287 1.659 -1.479 0.172 -0.98 -1.299 0.25 -0.435 -0.274
1 2 3 4 5 6 7 8 9 10 11 12 13:31.563:-3.416 -1.983 -3.287 -1.845 -3.725 0.157 -4.204 -2.062 -1.65 -1.645 -1.721 -1.747 -4.121
1 2 3 4 5 6 7 8 9 10 11 12 13:34.571:3.859 4.739 0.219 5.128 5.952 0.439 6.583 0.877 1.51 0 3.259 0 2.006
1 2 3 4 5 6 7 8 9 10 11 12 13:19.937:2.167 0.305 2.735 1.149 2.809 1.872 2.647 0.87 0.661 2.676 0.011 1.333 0.702
1 2 3 4 5 6 7 8 9 10 11 12 13:48.677:6.667 2.94 3.514 5.529 3.279 2.634 4.585 3.966 3.941 1.629 1.205 3.07 5.718
1 2 3 4 5 6 7 8 9 10 11 12 13:11.254:0.284 -1.28 -1.337 -1.914 0 1.134 0.274 -0.663 -0.948 0.641 -1.37 -1.277 -0.132
1 2 3 4 5 6 7 8 9 10 11 12 13:10.629:0 1.596 0 1.829 -0.529 0.266 -1.639 0.167 0.159 -1.592 0.043 -0.431 2.378
1 2 3 4 5 6 7 8 9 10 11 12 13:12.568:-0.283 1.767 0.73 2.299 -0.266 -1.648 -0.556 0.667 1.911 0 0.331 0.433 1.677
1 2 3 4 5 6 7 8 9 10 11 12 13:20.358:-2.557 -1.447 -1.863 -1.147 -1.6 -1.706 -1.955 -1.656 -1.406 -1.294 -1.139 -0.431 -2.157
1 2 3 4 5 6 7 8 9 10 11 12 13:6.718:-1.458 -0.098 -1.371 -0.308 0 -0.365 -0.855 -1.515 -0.317 0 -0.172 0 -0.259
1 2 3 4 5 6 7 8 9 10 11 12 13:10.013:-2.071 -0.147 0.428 -0.665 -2.168 -0.794 -0.575 -0.855 -0.636 -0.656 -0.065 -0.433 0.52
1 2 3 4 5 6 7 8 9 10 11 12 13:10.060:0.906 1.619 -0.319 0.885 0 0.154 -0.578 0 -0.32 0.33 1.705 -1.304 -1.94
1 2 3 4 5 6 7 8 9 10 11 12 13:6.371:-0.299 1.449 -0.641 -1.612 0 -0.308 0 -0.517 -0.161 0.329 -0.923 0 0.132
1 2 3 4 5 6 7 8 9 10 11 12 13:10.453:0.3 0.048 -0.753 0.217 -0.554 0.864 0.291 -0.867 -0.643 -1.967 -1.092 -0.881 -1.976
1 2 3 4 5 6 7 8 9 10 11 12 13:42.165:-2.994 -4.9 -2.817 -5.121 -2.507 -2.202 -2.319 -5.42 -2.589 -4.348 -3.464 -1.333 -2.151
1 2 3 4 5 6 7 8 9 10 11 12 13:15.642:0.309 0.6 -1.226 -0.076 -2.857 -5.003 -1.187 -0.555 -0.664 -0.699 0.505 -0.45 -1.511
1 2 3 4 5 6 7 8 9 10 11 12 13:9.206:0 -0.448 0.339 -4.489 0 0.691 0.3 -0.372 0.167 -0.352 0.725 -0.905 0.418
1 2 3 4 5 6 7 8 9 10 11 12 13:36.617:-3.077 -2.597 -4.499 -3.85 -3.235 -1.275 -3.293 -5.784 -3.005 -0.707 -2.16 -0.913 -2.222
1 2 3 4 5 6 7 8 9 10 11 12 13:20.513:-0.635 -2.513 -1.885 -0.11 2.432 -3.477 -1.238 -0.198 0 -4.626 -0.136 -1.843 1.42
1 2 3 4 5 6 7 8 9 10 11 12 13:32.577:-3.195 -4.103 -1.441 -3.484 -2.374 -2.95 -3.762 -4.365 -2.065 -1.119 -1.429 -0.469 -1.821
1 2 3 4 5 6 7 8 9 10 11 12 13:42.114:2.64 5.376 3.41 4.526 1.216 3.641 3.257 3.112 4.569 2.264 3.692 1.415 2.996
1 2 3 4 5 6 7 8 9 10 11 12 13:34.471:4.18 -0.625 3.651 -0.877 3.904 -0.512 5.363 -1.408 -1.513 4.428 -0.688 3.721 -3.601
1 2 3 4 5 6 7 8 9 10 11 12 13:12.068:-1.235 1.048 -0.227 0.553 -1.445 0.926 -1.198 1.429 -0.171 -1.06 0.838 -1.794 0.144
1 2 3 4 5 6 7 8 9 10 11 12 13:30.000:3.125 3.629 3.645 2.227 1.466 3.736 2.727 1.61 1.026 4.286 0.631 0.457 1.435
1 2 3 4 5 6 7 8 9 10 11 12 13:9.085:-1.212 0.05 0.11 0.968 -0.289 0.131 -0.885 1.386 0 -0.342 1.53 0.909 -1.273
1 2 3 4 5 6 7 8 9 10 11 12 13:13.567:-3.067 1.55 -1.427 0.053 -0.58 0.098 0.595 1.953 0.677 -1.718 0.661 -0.901 0.287
1 2 3 4 5 6 7 8 9 10 11 12 13:13.502:-1.899 -0.394 -1.782 -0.825 -0.875 -1.96 -1.479 -0.766 0 -0.699 -1.109 0 -1.714
1 2 3 4 5 6 7 8 9 10 11 12 13:17.118:0.323 -3.707 0.567 -2.685 -0.588 -0.133 -1.201 -2.317 -2.521 -0.704 1.481 -0.455 -0.436
1 2 3 4 5 6 7 8 9 10 11 12 13:9.733:0.322 -0.462 0.902 1.986 -0.592 -0.2 0.608 -0.198 1.552 1.064 0.204 0.913 0.73
1 2 3 4 5 6 7 8 9 10 11 12 13:26.324:1.603 1.547 2.011 1.893 6.25 0.769 5.136 0.594 1.868 1.754 1.414 0.905 0.58
1 2 3 4 5 6 7 8 9 10 11 12 13:9.049:-0.631 0.203 0.438 0.398 1.401 0.962 1.724 0.591 -1 -0.69 -0.275 0.448 -0.288
1 2 3 4 5 6 7 8 9 10 11 12 13:13.062:0.317 0.811 1.745 1.93 -1.381 -0.789 -1.695 0.587 0.842 0 1.652 -0.446 0.867
1 2 3 4 5 6 7 8 9 10 11 12 13:34.543:0.949 5.581 -1.393 8.197 0.84 3.644 0.575 4.086 3.506 1.042 1.417 0.448 2.865
1 2 3 4 5 6 7 8 9 10 11 12 13:8.242:0 0.571 -0.543 1.223 -0.278 2.461 -0.857 -0.187 -1.129 0.344 0.37 0 0.279
1 2 3 4 5 6 7 8 9 10 11 12 13:26.090:1.254 3.741 1.639 2.771 1.95 4.897 2.882 1.685 1.305 1.027 -0.072 1.339 1.528
1 2 3 4 5 6 7 8 9 10 11 12 13:10.090:0.619 -0.274 0 -0.023 0 4.133 -0.56 -0.737 -0.805 -1.695 -0.666 -0.441 0.137
1 2 3 4 5 6 7 8 9 10 11 12 13:6.000:0 -0.732 -0.753 0.599 0 -0.6 0 -0.186 0 1.034 0.32 0 1.776
1 2 3 4 5 6 7 8 9 10 11 12 13:24.505:-2.154 -2.997 -0.867 -3.964 -1.366 -2.471 -3.099 -0.929 -1.299 -0.683 -1.47 -1.327 -1.879
1 2 3 4 5 6 7 8 9 10 11 12 13:8.271:1.258 -1.093 -0.328 -1.646 0 1.149 0.581 -0.563 -0.329 -0.687 -0.052 0.448 -0.137
1 2 3 4 5 6 7 8 9 10 11 12 13:26.715:3.416 3.796 2.851 4.076 0.277 0.175 -0.289 2.075 3.465 1.73 2.338 0.446 1.781
1 2 3 4 5 6 7 8 9 10 11 12 13:22.755:1.502 4.352 1.066 4.033 0.552 1.192 0.58 2.957 0.797 1.701 1.56 0.444 2.019
1 2 3 4 5 6 7 8 9 10 11 12 13:10.466:0.888 -0.577 1.266 -1.524 -0.824 0.603 0 0.359 -0.633 -0.334 2.139 0 -1.319
1 2 3 4 5 6 7 8 9 10 11 12 13:26.143:2.639 1.696 2.396 2.958 3.047 0.914 3.458 0.358 1.433 2.349 0.678 2.212 2.005
1 2 3 4 5 6 7 8 9 10 11 12 13:13.183:-1.714 1.887 -0.203 1.238 -0.538 0.934 -1.95 1.604 -0.157 -1.639 0.322 -0.866 0.131
1 2 3 4 5 6 7 8 9 10 11 12 13:17.439:-2.907 -0.775 -1.631 -1.855 -1.622 -1.402 -1.136 -1.053 -0.629 -1.667 0.798 -1.31 -0.654
1 2 3 4 5 6 7 8 9 10 11 12 13:18.228:-0.599 1.128 -3.731 -1.423 -2.198 -1.877 -1.149 -1.418 0 1.017 -0.695 -0.885 -2.108
1 2 3 4 5 6 7 8 9 10 11 12 13:18.771:0.602 1.502 3.445 2.459 0 1.884 -0.291 1.978 1.424 -0.671 2.723 0.446 1.346
1 2 3 4 5 6 7 8 9 10 11 12 13:10.676:0.299 -0.93 -0.104 -0.374 -0.281 1.109 0 2.116 1.872 1.014 0.805 0.444 1.328
1 2 3 4 5 6 7 8 9 10 11 12 13:10.911:0.597 -0.768 -0.625 -1.724 0.563 -0.703 0.875 -0.173 -3.982 0 -0.77 0 0.131
1 2 3 4 5 6 7 8 9 10 11 12 13:22.699:1.78 0.043 3.04 1.26 1.681 0.595 0.289 2.595 6.539 -0.334 1.022 2.212 1.309
1 2 3 4 5 6 7 8 9 10 11 12 13:38.125:4.082 4.686 2.543 3.598 2.479 -0.282 3.17 5.059 2.395 2.349 1.564 3.463 2.455
1 2 3 4 5 6 7 8 9 10 11 12 13:11.655:-1.12 -0.575 -2.183 -0.536 -0.538 0.508 0.279 -1.766 -0.585 -0.984 -0.231 0.837 -1.513
1 2 3 4 5 6 7 8 9 10 11 12 13:17.349:-1.7 -2.024 -1.116 -3.169 -0.811 -1.658 -1.114 -0.327 -1.765 0.662 -1.405 0.83 -0.768
1 2 3 4 5 6 7 8 9 10 11 12 13:7.883:-0.288 -0.59 0 -1.492 -0.272 -0.257 0.282 0.984 0.449 0 -0.413 -2.469 0.387
1 2 3 4 5 6 7 8 9 10 11 12 13:8.499:-0.289 0.297 -0.205 1.718 -1.093 -0.286 0 -0.487 -0.596 0 -2.005 -1.266 -0.257
1 2 3 4 5 6 7 8 9 10 11 12 13:11.090:-1.739 0.338 -0.719 0.2 -1.934 0.546 -1.404 -0.326 -1.049 -0.329 -1.095 -1.282 -0.129
1 2 3 4 5 6 7 8 9 10 11 12 13:23.794:0 3.835 1.656 2.395 0.563 4.086 -0.285 -4.583 1.212 0 1.953 0 3.226
1 2 3 4 5 6 7 8 9 10 11 12 13:6.247:1.77 -0.041 0.305 0.065 -0.28 0.137 -0.286 1.372 -0.299 0 1.134 -0.433 -0.125
1 2 3 4 5 6 7 8 9 10 11 12 13:8.064:0.58 -1.299 -0.305 0.476 0.281 -0.822 0 0.169 0.751 -0.99 -0.895 0.87 0.626
1 2 3 4 5 6 7 8 9 10 11 12 13:29.823:3.17 4.155 3.055 3.037 1.401 1.548 2.006 1.858 2.683 3.333 0.418 1.293 1.866
1 2 3 4 5 6 7 8 9 10 11 12 13:14.203:-0.279 -2.133 0.593 0.314 1.657 -0.626 0.281 3.98 -0.871 -0.968 0.795 -0.851 0.855
1 2 3 4 5 6 7 8 9 10 11 12 13:32.131:-2.241 -2.865 -2.063 -3.876 -2.717 -2.602 -2.241 -3.349 -2.343 -1.629 -2.254 -1.288 -2.663
1 2 3 4 5 6 7 8 9 10 11 12 13:25.603:-1.719 -1.745 -2.207 -3.729 2.235 -1.575 -1.433 -1.98 -2.849 -1.656 -1.739 -0.87 -1.866
1 2 3 4 5 6 7 8 9 10 11 12 13:18.238:0.583 4.397 0.513 3.175 -0.82 1.429 0 1.852 2.006 1.01 2.073 0 0.38
1 2 3 4 5 6 7 8 9 10 11 12 13:9.072:0 0.081 1.122 1.309 0.551 0.563 -0.291 0.331 1.513 0.667 -0.498 0 2.146
1 2 3 4 5 6 7 8 9 10 11 12 13:54.863:4.058 1.902 4.238 2.865 9.863 6.022 4.082 4.283 5.067 3.311 0.212 4.386 4.574
1 2 3 4 5 6 7 8 9 10 11 12 13:13.225:0.279 1.906 0.484 0.314 -2.244 2.166 0 0.79 1.277 0 0.653 2.521 0.591
1 2 3 4 5 6 7 8 9 10 11 12 13:18.918:-0.278 -1.559 -1.927 -1.879 -1.02 -1.422 -0.28 -2.194 -1.261 -1.282 -1.709 -1.639 -2.468
1 2 3 4 5 6 7 8 9 10 11 12 13:22.708:0.557 3.603 1.965 2.596 0.258 1.915 0.843 1.763 1.702 2.273 3.185 0 2.048
1 2 3 4 5 6 7 8 9 10 11 12 13:6.594:0.554 1.987 -0.578 1.41 -0.514 0 -0.279 0.157 -0.139 0 0.386 0 0.59
1 2 3 4 5 6 7 8 9 10 11 12 13:14.973:-1.102 -1.723 -1.357 -0.286 -1.55 -1.261 -1.397 -2.201 -1.536 -1.27 0.638 -0.417 -0.235
1 2 3 4 5 6 7 8 9 10 11 12 13:13.217:0.279 2.059 0 0.615 1.312 0.391 0.85 2.251 1.277 0.322 0.41 2.51 0.941
1 2 3 4 5 6 7 8 9 10 11 12 13:20.601:1.667 -0.299 0.196 -0.408 6.736 0.026 3.652 0.472 4.202 1.282 -0.204 -0.408 -1.049
1 2 3 4 5 6 7 8 9 10 11 12 13:8.884:0.546 0.562 0.392 -1.269 -0.971 -0.857 -0.542 0 1.075 0.633 -0.92 0.41 0.707
1 2 3 4 5 6 7 8 9 10 11 12 13:28.210:1.63 3.092 2.734 1.575 1.471 6.599 2.725 1.721 1.995 0 2.215 0.816 1.637
1 2 3 4 5 6 7 8 9 10 11 12 13:8.264:0 -0.217 -1.046 -0.592 -1.208 0.049 -0.796 0 1.695 0.314 1.597 0.405 0.345
1 2 3 4 5 6 7 8 9 10 11 12 13:18.539:1.337 0.58 0.768 1.458 0.733 1.449 1.872 0.462 2.821 2.821 0.28 0.403 3.555
1 2 3 4 5 6 7 8 9 10 11 12 13:8.607:-1.055 -0.144 0.381 -0.081 0 -0.847 -0.787 0.459 -1.372 -0.305 0.559 -0.402 2.215
1 2 3 4 5 6 7 8 9 10 11 12 13:18.264:3.733 1.298 0.76 3.402 2.184 0.122 1.058 0.915 1.391 -0.612 2.464 0 -0.325
1 2 3 4 5 6 7 8 9 10 11 12 13:6.194:0.771 -0.285 -0.094 -1.116 0.475 -0.122 0 0.604 0.873 0 0.07 0.806 0.978
1 2 3 4 5 6 7 8 9 10 11 12 13:38.881:-5.357 -1.999 -3.585 -3.209 -3.783 -4.369 -3.403 -3.604 -1.978 -2.154 -1.809 -3.2 -0.431
1 2 3 4 5 6 7 8 9 10 11 12 13:20.508:1.078 2.769 2.838 1.064 -0.491 4.084 0 0.312 1.892 1.258 1.86 1.24 1.622
1 2 3 4 5 6 7 8 9 10 11 12 13:10.447:1.333 0.39 -0.666 0.709 0.494 0.466 2.71 0.155 0.619 0.621 0.315 1.224 0.745
1 2 3 4 5 6 7 8 9 10 11 12 13:19.172:-2.105 -0.177 -0.862 -0.503 6.634 -1.562 -1.583 -1.24 -1.23 -0.617 -0.758 0 -1.901
1 2 3 4 5 6 7 8 9 10 11 12 13:12.562:0 -2.052 -1.063 -1.819 -1.843 0.124 -1.072 0.471 0.872 0 -0.421 -1.21 -1.615
1 2 3 4 5 6 7 8 9 10 11 12 13:42.153:-2.419 -4.298 -2.441 -5.701 -3.286 -2.353 -3.523 -2.187 -5.802 -2.174 -2.944 -1.633 -3.392
1 2 3 4 5 6 7 8 9 10 11 12 13:58.080:-5.234 -3.283 -5.105 -5.216 -5.583 -5.554 -3.933 -5.272 -5.636 -4.127 -1.326 -3.734 -4.077
1 2 3 4 5 6 7 8 9 10 11 12 13:20.165:2.035 -0.312 -1.371 -1.335 0.771 1.101 -1.17 -5.565 1.944 -1.656 -1.252 0 1.653
1 2 3 4 5 6 7 8 9 10 11 12 13:19.659:-1.425 -1.018 -1.39 -1.984 -1.276 -0.77 0.296 -1.429 -5.041 0.337 -2.171 0.431 -2.091
1 2 3 4 5 6 7 8 9 10 11 12 13:28.834:0.867 0.791 4.555 2.571 2.067 3.881 1.77 -1.812 0.143 5.369 -0.591 0.858 3.559
1 2 3 4 5 6 7 8 9 10 11 12 13:29.276:2.006 3.884 0 6.198 1.772 1.443 1.449 2.214 4.728 -0.318 1.696 1.277 2.291
1 2 3 4 5 6 7 8 9 10 11 12 13:26.377:-1.404 -3.285 -1.867 -2.798 -2.239 -3.785 -0.286 0.181 -3.01 -1.278 -2.045 -0.84 -3.359
1 2 3 4 5 6 7 8 9 10 11 12 13:29.915:2.564 4.49 1.48 2.181 1.272 4.488 1.146 2.342 2.821 0.971 2.492 0.424 3.244
1 2 3 4 5 6 7 8 9 10 11 12 13:15.002:2.5 0.822 1.042 -0.066 1.005 2.628 0.567 3.345 0.549 -0.321 0.864 0.844 0.449
1 2 3 4 5 6 7 8 9 10 11 12 13:7.249:-1.084 0.297 0.722 0.881 -0.498 -0.074 -1.127 -0.17 0 0.322 -1.321 -0.418 -0.335
1 2 3 4 5 6 7 8 9 10 11 12 13:13.680:-0.548 -2.291 -2.559 -0.611 -0.5 -2.242 -0.285 -1.536 -0.273 -0.321 0.104 -0.84 -1.57
1 2 3 4 5 6 7 8 9 10 11 12 13:20.544:-0.826 -1.967 -1.471 -2.174 -1.256 -3.301 -1.143 -0.52 -2.326 -1.608 -0.631 -1.271 -2.05
1 2 3 4 5 6 7 8 9 10 11 12 13:13.218:0.278 2.585 0.533 1.482 -0.254 1.147 -0.578 -0.523 1.681 -0.654 1.214 0.429 1.86
1 2 3 4 5 6 7 8 9 10 11 12 13:16.774:-1.108 -2.219 -1.803 -1.106 -1.02 1.185 -0.291 -1.401 -1.102 -0.658 -2.314 -0.855 -1.712
1 2 3 4 5 6 7 8 9 10 11 12 13:8.337:0.56 0.346 0.648 1.454 -0.258 -2.063 0 0.888 -0.139 -0.331 1.103 0.431 0.116
1 2 3 4 5 6 7 8 9 10 11 12 13:31.886:5.014 4.369 0.644 4.697 0.517 6.318 0.292 1.585 2.929 0 3.12 -0.429 1.972
1 2 3 4 5 6 7 8 9 10 11 12 13:47.510:1.326 3.305 2.559 5.413 1.542 5.429 1.744 8.319 5.285 1.993 3.458 2.586 4.551
1 2 3 4 5 6 7 8 9 10 11 12 13:15.926:1.571 -2.026 0.936 -0.5 0.759 0.673 0.857 -1.76 1.287 1.303 -1.609 2.101 0.544
1 2 3 4 5 6 7 8 9 10 11 12 13:20.465:0.773 2.104 2.369 3.976 0.503 1.935 0 2.606 2.922 -0.643 0.361 0 2.273
1 2 3 4 5 6 7 8 9 10 11 12 13:29.425:1.279 2.026 1.61 3.727 -1 2.26 0.85 7.143 0.617 2.265 0.981 1.646 4.021
1 2 3 4 5 6 7 8 9 10 11 12 13:20.638:2.273 0.627 1.485 0.726 1.01 3.382 1.404 3.111 0.859 2.215 1.721 1.215 -0.61
1 2 3 4 5 6 7 8 9 10 11 12 13:58.995:3.457 2.7 10.146 5.065 4.5 -0.257 6.094 7.184 5.353 3.096 1.411 4 5.732
1 2 3 4 5 6 7 8 9 10 11 12 13:16.922:0.239 0.91 1.506 1.9 -0.478 1.693 -0.783 3.887 -0.693 0.3 0.19 1.923 2.42
1 2 3 4 5 6 7 8 9 10 11 12 13:19.450:-1.19 -1.804 2.443 -0.604 -0.721 3.12 -1.579 -1.419 0.233 -1.497 -1.535 -1.887 1.418
1 2 3 4 5 6 7 8 9 10 11 12 13:20.042:-2.169 0.476 2.641 0.886 -1.453 3.802 -0.802 3.927 -1.044 0.304 0.534 1.538 0.466
1 2 3 4 5 6 7 8 9 10 11 12 13:17.707:-0.493 0 2.573 0.551 -0.246 -1.615 1.078 1.008 -5.979 -1.212 0.54 0 -2.412
1 2 3 4 5 6 7 8 9 10 11 12 13:13.744:0 -0.44 -1.294 -0.205 0 -2.062 0 -0.748 -2.12 1.227 -0.529 3.788 -1.331
1 2 3 4 5 6 7 8 9 10 11 12 13:45.987:4.455 0.748 4.918 1.253 5.911 2.861 3.467 2.261 5.223 3.636 1.926 5.474 3.854
1 2 3 4 5 6 7 8 9 10 11 12 13:53.164:7.82 -2.43 4.609 0.695 5.349 -0.775 11.856 1.843 1.211 9.064 1.547 3.46 2.505
1 2 3 4 5 6 7 8 9 10 11 12 13:42.811:2.418 9.547 5.527 4.157 -0.221 4.085 -2.995 -1.689 0.12 -1.34 3.401 1.338 5.973
1 2 3 4 5 6 7 8 9 10 11 12 13:61.848:3.863 5.021 8.917 1.503 6.416 2.905 4.038 4.663 7.407 3.533 0.228 3.96 9.394
1 2 3 4 5 6 7 8 9 10 11 12 13:41.204:-4.339 -0.511 -4.224 -2.276 -4.366 -0.187 -4.795 -4.103 -2.002 -3.675 -1.592 -4.762 4.372
1 2 3 4 5 6 7 8 9 10 11 12 13:13.134:1.08 -2.236 1.221 -0.814 -0.435 -2.304 -0.959 -0.489 1.589 0.272 -0.735 1 0
1 2 3 4 5 6 7 8 9 10 11 12 13:20.187:-1.282 1.329 0.603 -0.082 -1.528 0.671 -1.453 -4.545 -1.788 0 -1.455 -2.31 -3.141
1 2 3 4 5 6 7 8 9 10 11 12 13:18.762:-1.082 -0.58 -1.066 1.677 0.665 3.066 -2.457 0.901 0 -1.63 1.401 -1.689 -2.548
1 2 3 4 5 6 7 8 9 10 11 12 13:16.347:0.219 0.215 -0.269 -0.727 -1.322 -0.665 1.259 2.296 0.455 -1.657 -0.183 2.405 4.675
1 2 3 4 5 6 7 8 9 10 11 12 13:16.043:0.873 0.245 0.338 0.065 2.009 1.042 0.746 0.374 0.34 2.528 -0.117 1.007 6.359
1 2 3 4 5 6 7 8 9 10 11 12 13:41.668:8.658 -0.367 1.077 0.716 3.063 1.013 5.432 4.099 3.499 3.288 0.609 4.651 5.196
1 2 3 4 5 6 7 8 9 10 11 12 13:84.862:14.741 -0.736 2.663 1.454 9.342 -2.096 9.836 5.489 3.817 12.467 -0.763 18.413 3.045
1 2 3 4 5 6 7 8 9 10 11 12 13:38.195:-3.299 2.996 4.345 1.513 2.33 2.252 1.066 3.959 1.261 1.887 0.167 12.332 0.788
1 2 3 4 5 6 7 8 9 10 11 12 13:26.241:-2.334 1.259 -1.367 1.961 -2.846 0.328 -2.532 0.109 4.461 -2.083 1.427 -4.296 -1.238
1 2 3 4 5 6 7 8 9 10 11 12 13:20.931:0.368 0.918 2.457 1.108 -2.344 0.145 -4.545 1.848 0.993 -0.236 0.28 1.995 3.694
1 2 3 4 5 6 7 8 9 10 11 12 13:21.977:0.549 -1.496 0.615 -0.517 2.6 -1.45 3.401 0.534 5.408 0.948 -0.32 1.467 -2.672
1 2 3 4 5 6 7 8 9 10 11 12 13:8.550:-0.546 0 0 -0.826 -0.195 0.496 0.439 -1.38 -0.373 0 0.198 -0.241 3.856
1 2 3 4 5 6 7 8 9 10 11 12 13:18.046:-1.648 -0.03 2.384 -0.74 -1.758 -1.958 -1.965 0 -1.685 -0.235 -0.008 -2.174 3.461
1 2 3 4 5 6 7 8 9 10 11 12 13:20.585:-1.49 -0.924 -1.731 -2.191 -2.386 -0.392 -1.559 -1.615 -2.286 -2.118 -1.002 -2.222 -0.669
1 2 3 4 5 6 7 8 9 10 11 12 13:31.866:2.457 3.308 0.972 1.97 3.259 3.428 3.167 0.328 3.801 5.529 0.938 2.525 -0.184
1 2 3 4 5 6 7 8 9 10 11 12 13:16.797:0.923 -0.32 1.745 -0.545 0.592 2.282 0.658 1.636 1.408 5.923 -0.09 0 0.675
1 2 3 4 5 6 7 8 9 10 11 12 13:32.173:1.097 0.438 2.07 1.05 1.373 0.761 -2.614 9.979 2.13 7.527 1.605 0.493 1.036
1 2 3 4 5 6 7 8 9 10 11 12 13:55.376:2.893 1.425 4.635 -1.194 1.934 2.935 2.908 6.146 0.544 19.4 -1.353 3.676 6.333
1 2 3 4 5 6 7 8 9 10 11 12 13:33.540:1.406 1.204 2.824 -1.491 6.831 -0.188 4.565 4.412 0 -3.518 -0.312 5.201 -1.588
1 2 3 4 5 6 7 8 9 10 11 12 13:72.393:4.159 6.657 7.916 3.345 12.078 0.907 6.445 8.539 4.058 9.896 0.758 5.618 2.017
1 2 3 4 5 6 7 8 9 10 11 12 13:50.424:-4.659 0.186 -4.94 -2.112 5.071 -7.561 0.781 -9.165 -2.513 6.793 0.793 0.426 -5.424
1 2 3 4 5 6 7 8 9 10 11 12 13:43.151:3.141 0.769 2.887 0.929 1.81 -1.229 4.07 7.143 3.289 9.911 -0.56 2.754 4.659
1 2 3 4 5 6 7 8 9 10 11 12 13:101.673:10.491 1.552 3.878 1.872 17.333 9.172 14.898 2 3.098 9.96 0.604 19.794 7.021
1 2 3 4 5 6 7 8 9 10 11 12 13:39.249:4.441 -0.699 -2.21 0.398 0.379 1.939 5.186 -1.552 -1.085 4.896 1.419 14.458 0.587
1 2 3 4 5 6 7 8 9 10 11 12 13:39.236:0.733 -3.705 -5.123 -2.227 -0.881 -0.067 7.088 -5.643 0.084 -0.583 -1.527 7.068 -4.507
1 2 3 4 5 6 7 8 9 10 11 12 13:45.425:-5.822 -1.382 -3.6 -2.964 -5.203 -1.786 -3.885 -1.319 -4.3 -4.93 -2.046 2.247 -5.941
1 2 3 4 5 6 7 8 9 10 11 12 13:28.869:4.173 0.247 -1.098 2.235 -3.079 -1.071 -1.647 -0.802 -1.233 -4.938 0.182 -7.692 0.472
1 2 3 4 5 6 7 8 9 10 11 12 13:33.697:-2.374 0.658 -1.721 1.321 -3.591 2.337 -6.088 1.168 -0.892 -4.935 0 -7.143 -1.469
1 2 3 4 5 6 7 8 9 10 11 12 13:48.371:-8.967 -3.322 -2.147 -2.344 -2.865 -4.046 1.621 -6.75 -4.32 -4.918 -1.828 2.083 -3.16
1 2 3 4 5 6 7 8 9 10 11 12 13:35.930:-3.673 -0.535 -3.984 -0.874 -3.687 -1.855 -2.073 -4.19 1.129 -4.885 0 2.826 -6.219
1 2 3 4 5 6 7 8 9 10 11 12 13:99.279:-9.532 -4.275 -6.915 -6.51 -9.954 -3.173 -14.658 -7.256 -7.535 -4.985 -3.269 -9.924 -11.293
1 2 3 4 5 6 7 8 9 10 11 12 13:127.695:12.644 4.762 12.984 4.476 4.932 6.5 19.084 19.721 7.646 3.816 4.024 8.305 18.801
1 2 3 4 5 6 7 8 9 10 11 12 13:29.662:6.122 0.282 1.658 0.804 4.862 -0.225 6.731 -1.88 1.308 0.306 0.804 1.565 3.115
1 2 3 4 5 6 7 8 9 10 11 12 13:32.242:-3.846 2.365 -1.969 2.947 -2.782 -3.171 -3.453 0.091 1.292 2.901 -0.141 -3.236 -4.048
1 2 3 4 5 6 7 8 9 10 11 12 13:21.165:-0.667 1.953 -1.09 1.598 -0.159 -0.626 -2.333 1.914 0.911 -4.451 1.789 -1.911 -1.763
1 2 3 4 5 6 7 8 9 10 11 12 13:30.227:2.685 0.189 2.378 3.783 2.389 2.773 2.229 1.431 1.895 4.814 0.311 2.273 3.077