1 2 3 4 5 6 7 8 9 10:18.433:1.741 -1.515 3.135 2.864 -2.472 -0.483 -1.564 0.348 3.56 0.751
1 2 3 4 5 6 7 8 9 10:17.548:-2.198 0.187 5.774 -1.801 -0.634 0.051 0.768 2.556 -1.286 -2.293
1 2 3 4 5 6 7 8 9 10:37.830:2.684 1.805 0.877 4.947 14.222 0.366 -1.857 0.605 7.732 2.735
1 2 3 4 5 6 7 8 9 10:42.807:1.549 1.182 -1.263 19.28 -3.462 0.136 4.979 1.433 6.86 2.663
1 2 3 4 5 6 7 8 9 10:20.355:2.098 -0.544 -0.026 6.217 -2.371 -0.838 4.041 1.5 1.396 1.324
1 2 3 4 5 6 7 8 9 10:29.051:2.69 8.342 -0.326 9.615 0.889 1.639 -0.395 1.925 -0.334 2.896
1 2 3 4 5 6 7 8 9 10:18.473:-2.419 4.317 1.274 -0.839 -1.644 -2.495 -3.094 -0.792 1.507 0.092
1 2 3 4 5 6 7 8 9 10:9.110:2.274 0.896 -1.417 -1.269 0.06 -0.164 -2.601 0.136 0.031 0.262
1 2 3 4 5 6 7 8 9 10:18.645:-2.661 -0.763 -0.495 1.636 -3.878 -3.409 0.769 -1.85 -0.536 -2.648
1 2 3 4 5 6 7 8 9 10:32.145:-1.891 -1.557 0.476 8.394 -3.29 -0.876 -3.317 -3.856 -6.29 -2.198
1 2 3 4 5 6 7 8 9 10:41.983:-0.286 5.053 0.734 2.298 11.874 5.228 3.59 2.896 6.79 3.234
1 2 3 4 5 6 7 8 9 10:14.280:-3.005 0.502 3.268 -1.072 -2.754 -0.231 -0.013 1.556 0.538 -1.341
1 2 3 4 5 6 7 8 9 10:20.396:-0.572 -2.668 -1.903 -0.035 -3.658 -2.155 -2.031 -3.528 -1.411 -2.435
1 2 3 4 5 6 7 8 9 10:29.704:-3.036 -4.705 5.42 -3.81 -3.919 -0.412 -3.649 -1.463 0.146 -3.144
1 2 3 4 5 6 7 8 9 10:11.719:1.474 0.204 -1.089 -0.763 -1.402 -2.943 -0.93 0.923 0.083 -1.908
1 2 3 4 5 6 7 8 9 10:25.970:-4.901 -4.149 -5.042 -4.101 1.81 -2.551 0.514 0.718 -0.834 -1.35
1 2 3 4 5 6 7 8 9 10:25.289:-3.754 0.87 0.052 0.496 -3.238 -3.419 -1.622 -4.097 -3.048 -4.693
1 2 3 4 5 6 7 8 9 10:26.055:6.941 -2.126 1.602 6.117 -2.297 1.659 3.873 -0.632 -0.098 -0.71
1 2 3 4 5 6 7 8 9 10:49.443:1.422 10.256 2.074 5.371 7.925 2.258 7.658 4.224 1.15 7.105
1 2 3 4 5 6 7 8 9 10:25.320:1.849 4.562 0.224 -3.942 -1.618 1.503 5.515 1.955 1.931 2.221
1 2 3 4 5 6 7 8 9 10:21.720:2.494 -1.545 -1.318 -3.219 3.542 2.304 -3.324 2.111 -1.863 0
1 2 3 4 5 6 7 8 9 10:26.445:3.737 5.018 -1.15 4.971 3.115 2.761 -1.598 -2.498 -0.418 -1.179
1 2 3 4 5 6 7 8 9 10:11.912:1.482 0.263 -0.259 4.979 -2.251 -0.174 -0.951 -0.601 -0.808 -0.144
1 2 3 4 5 6 7 8 9 10:24.493:5.528 2.538 0.224 4.975 4.485 0.078 -0.193 0.711 0.206 5.555
1 2 3 4 5 6 7 8 9 10:15.978:1.226 -1.933 3.157 4.992 0.116 -1.314 0.468 -0.229 -1.875 0.668
1 2 3 4 5 6 7 8 9 10:19.602:-1.125 1.433 0.951 4.935 -1.738 4.075 0.416 3.202 -0.806 0.921
1 2 3 4 5 6 7 8 9 10:14.582:-0.018 -0.562 -0.015 4.99 -1.12 -2.814 0.953 -1.697 -0.145 2.268
1 2 3 4 5 6 7 8 9 10:11.928:1.068 0.678 -0.322 4.999 -2.326 -1.892 0.012 -0.157 -0.29 -0.184
1 2 3 4 5 6 7 8 9 10:21.962:-3.274 1.764 -0.137 3.382 -0.794 4.8 2.734 1.677 0.022 -3.378
1 2 3 4 5 6 7 8 9 10:18.558:1.003 0.426 -0.069 -4.982 4.246 -2.638 -0.113 -1.838 1.107 -2.136
1 2 3 4 5 6 7 8 9 10:14.936:-0.177 -1.161 0.51 -4.979 -3.129 -0.348 0.615 3.027 0.962 -0.028
1 2 3 4 5 6 7 8 9 10:24.480:-0.551 -2.842 5.303 4.794 2.133 -0.227 -1.205 5.978 1.183 -0.264
1 2 3 4 5 6 7 8 9 10:26.739:0.554 -1.749 -4.86 -4.681 -2.566 -0.088 -3.089 -4.631 -1.732 -2.789
1 2 3 4 5 6 7 8 9 10:18.584:1.226 -2.162 -0.638 -1.618 -0.98 -0.763 -4.483 -5.209 -1.333 -0.172
1 2 3 4 5 6 7 8 9 10:19.466:1.509 3.842 0.976 0.17 2.35 -0.875 2.72 5.797 0.279 -0.948
1 2 3 4 5 6 7 8 9 10:11.307:1.642 2.554 1.049 1.331 0.483 0.027 -0.645 2.832 -0.323 -0.421
1 2 3 4 5 6 7 8 9 10:27.558:-0.68 0.319 7.095 -1.76 12.087 -0.731 1.908 -0.179 0.949 1.85
1 2 3 4 5 6 7 8 9 10:22.757:-0.342 -3.962 -3.999 -0.398 -4.828 -2.038 1.573 -2.547 -2.655 -0.415
1 2 3 4 5 6 7 8 9 10:18.094:0.412 1.839 2.712 -1.171 6.201 1.622 1.85 1.625 -0.102 0.56
1 2 3 4 5 6 7 8 9 10:16.041:1.283 2.05 0.892 -1.04 5.945 1.596 -0.314 -0.165 2.685 0.071
1 2 3 4 5 6 7 8 9 10:15.610:-0.321 3.38 -1.06 0.029 5.461 -1.047 0.381 -0.528 2.304 1.099
1 2 3 4 5 6 7 8 9 10:24.401:-1.203 0.679 -0.912 -1.781 10.071 -1.372 -3.726 -0.564 2.512 -1.581
1 2 3 4 5 6 7 8 9 10:20.299:-1.733 -2.543 -2.573 -2.972 3.669 -0.928 -0.025 -1.402 -2.503 -1.951
1 2 3 4 5 6 7 8 9 10:14.014:0.14 -0.582 0.779 2.144 -4.163 -2.414 -0.489 -0.525 0.423 -2.355
1 2 3 4 5 6 7 8 9 10:18.881:1.151 -1.534 -1.073 -3.658 -0.956 -0.179 0.585 -2.042 -3.733 -3.97
1 2 3 4 5 6 7 8 9 10:13.215:-0.034 0.915 -2.644 -3.206 0.833 1.178 -0.351 1.164 0.347 2.543
1 2 3 4 5 6 7 8 9 10:25.044:-1.379 -1.83 -1.192 4.984 -9.395 4.061 0.452 0.67 0.29 0.791
1 2 3 4 5 6 7 8 9 10:21.115:-0.804 -1.378 0.108 2.695 -3.697 6.803 -0.825 -1.859 -1.18 1.766
1 2 3 4 5 6 7 8 9 10:16.833:-1.639 -0.016 0.581 -1.461 -0.748 -1.668 0.195 -4.519 4.226 1.78
1 2 3 4 5 6 7 8 9 10:34.180:-2.688 -4.29 -4.285 -4.843 -7.986 -1.952 -2.001 0.637 -0.908 -4.59
1 2 3 4 5 6 7 8 9 10:19.432:-4.364 -1.013 2.259 -3.721 -0.437 0.669 -1.368 0.416 -3.459 -1.726
1 2 3 4 5 6 7 8 9 10:16.957:-3.889 -0.278 -0.915 0.595 1.7 1.891 -2.91 2.9 1.537 0.342
1 2 3 4 5 6 7 8 9 10:22.558:0.761 1.705 -1.831 -2.397 -3.504 1.72 3.218 4.832 -0.267 -2.323
1 2 3 4 5 6 7 8 9 10:10.465:0.258 1.933 -1.721 0.673 0.726 -1.341 1.085 1.369 -0.312 -1.047
1 2 3 4 5 6 7 8 9 10:26.717:-0.357 -4.632 -3.618 -4.779 -6.323 -2.871 -0.97 0.28 0.034 -2.853
1 2 3 4 5 6 7 8 9 10:21.602:-0.915 -2.516 0.277 -4.212 -2.131 -4.034 -0.084 0.657 -2.899 -3.877
1 2 3 4 5 6 7 8 9 10:19.339:8.516 0.794 2.402 1.429 0.665 0.87 1.266 0.571 2.363 0.463
1 2 3 4 5 6 7 8 9 10:20.616:4.553 0.036 -0.37 2.565 -3.906 -0.665 0.564 0.341 2.218 -5.398
1 2 3 4 5 6 7 8 9 10:21.780:-1.629 2.542 -1.246 -2.501 0.938 4.882 -1.403 -1.52 -3.999 1.12
1 2 3 4 5 6 7 8 9 10:30.576:-4.589 1.955 5.128 4.263 9.356 -0.431 -0.906 1.166 2.478 0.304
1 2 3 4 5 6 7 8 9 10:33.886:-1.943 -5.223 -3.846 4.99 -4.646 -0.848 -4.347 -2.776 -3.415 -1.852
1 2 3 4 5 6 7 8 9 10:32.382:1.52 0.741 1.015 3.333 -3.268 -1.03 -0.655 3.006 15.129 2.685
1 2 3 4 5 6 7 8 9 10:19.396:1.137 1.542 2.671 -4.982 3.931 1.359 2.047 0.843 0.866 0.018
1 2 3 4 5 6 7 8 9 10:15.206:0.955 -0.936 -2.018 -1.95 0.059 0.984 5.149 0.145 0.749 2.261
1 2 3 4 5 6 7 8 9 10:15.373:-1.225 -0.321 0.768 -1.714 0.886 2.603 -4.078 0.193 2.963 -0.622
1 2 3 4 5 6 7 8 9 10:67.478:-3.889 -11.787 -7.625 -4.918 -9.719 -6.133 -3.924 -3.589 -10.211 -5.683
1 2 3 4 5 6 7 8 9 10:33.532:4.144 3.69 0.848 0.367 3.372 0.671 -0.174 0.05 13.14 7.076
1 2 3 4 5 6 7 8 9 10:19.039:-3.848 -3.011 0.841 -2.01 -2.008 -0.916 0.501 1.628 -0.938 -3.338
1 2 3 4 5 6 7 8 9 10:22.375:-1.776 1.794 7.526 -0.858 1.601 -0.781 -0.942 -3.53 -3.567 0
1 2 3 4 5 6 7 8 9 10:40.026:-1.351 -6.199 -3.138 -4.628 -6.805 -2.623 -3.984 -5.59 -4.106 -1.602
1 2 3 4 5 6 7 8 9 10:14.524:-0.564 -1.014 2.295 1.026 2.84 -0.957 0.226 -1.274 4.002 -0.326
1 2 3 4 5 6 7 8 9 10:24.840:-2.897 5.375 -2.146 4.998 4.931 -1.444 -0.981 0.6 -0.597 0.871
1 2 3 4 5 6 7 8 9 10:10.099:-1.732 -2.045 -0.71 -1.971 -0.313 -0.752 -0.425 -0.361 1.52 0.27
1 2 3 4 5 6 7 8 9 10:33.072:1.996 2.005 -1.926 4.97 3.143 1.131 14.372 -0.508 -2.877 -0.144
1 2 3 4 5 6 7 8 9 10:18.173:1.749 2.796 3.84 3.289 -0.67 1.915 -2.383 0.055 -0.416 -1.06
1 2 3 4 5 6 7 8 9 10:20.241:1.33 -1.104 4.043 -3.849 -1.718 1.274 -2.224 0.419 2.863 -1.417
1 2 3 4 5 6 7 8 9 10:14.304:2.524 -0.976 -0.322 -1.965 -2.747 0.643 -3.192 0.127 -1.753 0.055
1 2 3 4 5 6 7 8 9 10:11.012:-1.378 -0.463 -0.591 -2.413 -0.77 -0.128 -0.056 -1.504 -1.996 -1.713
1 2 3 4 5 6 7 8 9 10:12.589:-0.14 0.222 -0.701 -0.913 2.458 0.164 4.199 -1.913 0.905 -0.974
1 2 3 4 5 6 7 8 9 10:13.205:0.36 -0.787 -2.205 0.576 -2.21 0.803 2.798 0.225 -2.181 -1.06
1 2 3 4 5 6 7 8 9 10:12.264:1.833 1.037 0.957 0.954 0 -0.416 -2.598 1.721 1.084 -1.664
1 2 3 4 5 6 7 8 9 10:10.430:-0.509 0.825 1.093 -0.113 -0.839 -0.945 1.297 0.828 -1.608 -2.373
1 2 3 4 5 6 7 8 9 10:12.495:0.728 2.974 0.666 1.514 2.474 0.028 0.693 -0.638 -2.242 0.538
1 2 3 4 5 6 7 8 9 10:25.994:-0.703 3.16 -0.484 -1.305 8.577 -0.293 -3.061 -1.524 0.547 6.34
1 2 3 4 5 6 7 8 9 10:10.061:-3.225 -0.225 -0.665 0 1.58 -0.156 1.501 0.876 -1.237 -0.596
1 2 3 4 5 6 7 8 9 10:12.289:1.605 -0.075 0.397 1.624 -2.131 1.898 -0.253 -0.832 -1.112 2.362
1 2 3 4 5 6 7 8 9 10:27.791:-2.46 -5.56 -0.482 -2.788 -4.238 -3.58 -2.591 -0.485 -2.75 -2.857
1 2 3 4 5 6 7 8 9 10:16.891:1.169 3.472 1.083 1.262 1.721 -0.216 -2.07 1.386 1.044 -3.468
1 2 3 4 5 6 7 8 9 10:9.463:1.317 1.022 1.193 -0.076 0.846 2.857 0.798 -0.462 0.033 -0.859
1 2 3 4 5 6 7 8 9 10:19.880:3.9 1.203 1.996 -0.34 1.258 7.226 0.59 0.167 1.033 2.167
1 2 3 4 5 6 7 8 9 10:19.184:1.655 0.868 2.318 1.251 8.698 1.908 -0.759 -0.889 -0.626 0.212
1 2 3 4 5 6 7 8 9 10:14.953:1.913 0.393 2.791 4.981 0.327 2.333 1.941 0.131 0.066 0.077
1 2 3 4 5 6 7 8 9 10:18.385:0.52 3.223 2.481 0.214 -0.651 -3.709 -0.792 -0.168 5.128 1.499
1 2 3 4 5 6 7 8 9 10:21.182:-0.499 0.704 -4.938 -1.032 3.605 -3.301 6.074 -0.318 0.105 -0.606
1 2 3 4 5 6 7 8 9 10:32.842:-0.947 4.373 -1.124 2.374 8.751 2.194 4.403 2.964 1.901 3.811
1 2 3 4 5 6 7 8 9 10:26.840:-0.3 -2.679 2.527 -4.708 -2.618 1.073 -4.454 -1.603 -2.216 4.662
1 2 3 4 5 6 7 8 9 10:11.536:0.451 0.794 -0.381 -2.028 -2.29 -0.697 -1.378 1.426 0.548 1.543
1 2 3 4 5 6 7 8 9 10:23.082:-3.015 0.98 -0.191 3.124 3.719 3.584 4.311 -0.256 2.987 -0.915
1 2 3 4 5 6 7 8 9 10:10.142:0.405 -0.399 0.091 -2.044 -2.652 -0.066 -0.088 -0.458 1.028 -2.911
1 2 3 4 5 6 7 8 9 10:14.207:2.519 1.253 0.837 -0.559 1.413 -0.124 2.1 0.404 1.048 3.95
1 2 3 4 5 6 7 8 9 10:42.171:1.05 2.32 -0.318 4.983 5.721 9.457 6.777 5.384 2.413 3.748
1 2 3 4 5 6 7 8 9 10:16.535:-0.334 -0.235 -0.162 4.996 6.118 -1.073 1.665 0.521 -0.798 0.633
1 2 3 4 5 6 7 8 9 10:17.332:-0.54 0.572 -0.51 9.993 -0.355 -0.955 -2.979 -0.398 -0.815 0.215
1 2 3 4 5 6 7 8 9 10:22.653:4.607 1.942 1.446 -3.832 -5.162 0.301 2.112 1.198 0.732 1.321
1 2 3 4 5 6 7 8 9 10:21.785:-3.24 -2.168 4.323 -1.093 -1.267 -1.423 -3.145 -1.2 -2.004 -1.922
1 2 3 4 5 6 7 8 9 10:31.515:2.461 5.305 -0.131 3.151 7.557 3.464 -0.773 3.02 2.696 2.957
1 2 3 4 5 6 7 8 9 10:12.151:0.885 -1.148 -0.82 -1.417 -3.049 -1.531 0.222 -1.061 -0.937 -1.081
1 2 3 4 5 6 7 8 9 10:15.007:0.609 -3.499 -1.503 -2.077 -0.091 0.398 -1.962 -1.652 -1.291 -1.925
1 2 3 4 5 6 7 8 9 10:11.109:1.014 3.209 -0.297 -1.958 0.958 -0.374 -0.031 -0.277 2.775 0.216
1 2 3 4 5 6 7 8 9 10:12.984:0.194 -0.874 0.172 -1.697 -1.762 -1.577 -1.196 -1.354 -2.399 -1.759
1 2 3 4 5 6 7 8 9 10:18.492:-1.687 -3.006 -2.34 -3.961 -0.506 -1.486 0.531 -1.039 -1.672 -2.264
1 2 3 4 5 6 7 8 9 10:13.828:-1.591 -0.69 -4.355 -1.375 -0.046 -2.495 -1.782 0.338 1.052 -0.104
1 2 3 4 5 6 7 8 9 10:24.278:1.399 2.628 -0.641 3.431 4.44 0.786 1.301 3.528 1.262 4.862
1 2 3 4 5 6 7 8 9 10:15.239:2.885 -1.917 -2.381 0.933 1.506 -1.519 1.377 -1.233 -0.564 -0.924
1 2 3 4 5 6 7 8 9 10:16.907:1.306 -1.263 -4.3 -1.917 1.832 0.343 -0.475 -0.78 -4.058 -0.633
1 2 3 4 5 6 7 8 9 10:18.752:0.223 -0.955 4.081 -1.885 4.199 -1.822 -1.297 1.066 -3.006 -0.218
1 2 3 4 5 6 7 8 9 10:13.270:-1.732 1.258 0.057 1.423 -4.4 0.083 0.911 -0.83 -1.518 1.058
1 2 3 4 5 6 7 8 9 10:14.202:-0.855 -0.119 -1.25 -2.385 -2.925 0.447 0.836 0.907 2.301 2.177
1 2 3 4 5 6 7 8 9 10:11.520:-1.954 -2.163 1.521 0.575 1.994 0.601 -0.219 0.605 1.644 -0.244
1 2 3 4 5 6 7 8 9 10:16.729:0.449 -2.124 -0.451 -1.429 2.346 3.145 -0.446 -0.55 -1.68 -4.109
1 2 3 4 5 6 7 8 9 10:12.858:-1.609 -0.302 1.087 2.175 -2.334 0.913 1.129 -1.554 -0.106 1.649
1 2 3 4 5 6 7 8 9 10:10.082:1.781 1.285 0.28 -0.568 -2.39 1.999 0.303 -0.07 -1.222 -0.184
1 2 3 4 5 6 7 8 9 10:18.346:0.339 3.47 0.473 0.036 5.788 -0.224 2.37 1.545 3.163 0.938
1 2 3 4 5 6 7 8 9 10:16.557:1.868 -0.953 0.906 7.061 -1.473 0.054 -1.004 -0.363 2.377 0.498
1 2 3 4 5 6 7 8 9 10:17.602:3.039 1.375 -1.018 0.666 2.264 1.105 1.164 -0.243 5.307 1.421
1 2 3 4 5 6 7 8 9 10:20.678:3.746 -2.391 -0.279 -2.349 -2.047 1.559 0.389 0.557 6.074 1.287
1 2 3 4 5 6 7 8 9 10:23.445:3.398 4.343 -1.006 -0.237 2.516 0.926 -0.247 2.508 1.413 6.851
1 2 3 4 5 6 7 8 9 10:40.674:2.18 3.529 0.493 3.702 14.975 3.452 1.531 2.649 2.985 5.178
1 2 3 4 5 6 7 8 9 10:11.868:0.387 1.045 0.96 -2.227 -1.918 0.98 0.632 -0.197 0.803 2.719
1 2 3 4 5 6 7 8 9 10:11.530:1.047 -0.764 -0.177 0.804 -2.471 -1.984 -0.94 -1.103 -2.087 0.153
1 2 3 4 5 6 7 8 9 10:51.658:5.762 3.464 -0.861 1.861 6.657 4.114 0.116 6.028 19.151 3.644
1 2 3 4 5 6 7 8 9 10:18.110:-2.234 2.542 1.18 -0.424 1.454 -1.133 1.819 3.55 -2.257 -1.517
1 2 3 4 5 6 7 8 9 10:28.505:-4.703 0.136 -1.753 1.737 11.36 0.722 -0.188 2.078 -5.719 0.109
1 2 3 4 5 6 7 8 9 10:26.319:-3.094 -2.672 -0.822 -4.058 -3.202 -2.458 -4.192 -2.214 -2.014 -1.593
1 2 3 4 5 6 7 8 9 10:25.254:1.549 2.512 -2.26 -0.134 5.934 -2.254 2.86 4.665 -0.97 2.116
1 2 3 4 5 6 7 8 9 10:17.673:-0.943 1.104 1.49 -1.277 4.163 2.623 1.95 1.278 0.407 2.438
1 2 3 4 5 6 7 8 9 10:22.051:1.92 -0.06 6.307 -1.839 -5.76 1.005 -2.493 -1.792 0.703 0.172
1 2 3 4 5 6 7 8 9 10:15.536:-0.95 0.913 -0.084 -1.11 -2.557 0.22 -3.094 -1.795 -3.876 -0.937
1 2 3 4 5 6 7 8 9 10:14.855:2.61 -1.469 0.084 0.631 -3.872 -0.667 -1.826 -1.694 -1.256 0.746
1 2 3 4 5 6 7 8 9 10:19.154:-0.628 2.409 0.02 0.802 2.13 -1.292 2.381 3.024 2.05 4.418
1 2 3 4 5 6 7 8 9 10:16.943:0.601 -0.706 1.897 -1.452 -1.369 -2.734 3.537 -0.015 1.085 -3.547
1 2 3 4 5 6 7 8 9 10:47.602:2.452 4.206 0.371 2.105 4.164 9.942 3.827 6.972 7.338 6.225
1 2 3 4 5 6 7 8 9 10:14.039:3.441 0.938 0.807 -1.409 -1.523 -2.651 0.095 2.099 0.656 0.42
1 2 3 4 5 6 7 8 9 10:18.894:-2.227 -1.323 -1.33 -1.778 -2.932 -0.174 -3.755 -1.035 -3.306 -1.034
1 2 3 4 5 6 7 8 9 10:14.091:-0.37 0.171 -0.367 -1.029 -4.912 -2.095 1.158 -2.743 1.196 -0.05
1 2 3 4 5 6 7 8 9 10:12.523:-0.683 -2.35 -1.198 3.191 0.14 -0.746 1.173 0.572 -2.221 -0.249
1 2 3 4 5 6 7 8 9 10:13.412:1.719 -0.16 0.81 -2.536 -0.558 0.222 -1.827 -2.152 -2.093 -1.335
1 2 3 4 5 6 7 8 9 10:24.330:-3.571 -2.337 0.005 -2.531 -4.907 0.021 -3.203 0.028 -4.11 -3.617
1 2 3 4 5 6 7 8 9 10:20.617:-1.478 -0.808 0.526 -1.792 8.662 -1.007 0.262 2.397 1.244 -2.441
1 2 3 4 5 6 7 8 9 10:22.403:4.439 0.754 -0.169 3.166 3.765 -0.375 2.19 -1.648 3.866 2.031
1 2 3 4 5 6 7 8 9 10:14.435:-2.547 -0.434 -0.092 -2.527 -2.059 0.217 0.401 -4.563 -0.896 0.699
1 2 3 4 5 6 7 8 9 10:15.586:-4.544 -0.887 -0.379 0.63 2.637 0.405 -1.793 1.992 -1.468 -0.851
1 2 3 4 5 6 7 8 9 10:14.151:4.331 -1.304 -0.955 -1.803 -2.537 0.252 -1.143 0.81 0.395 -0.621
1 2 3 4 5 6 7 8 9 10:11.135:0.198 0.538 -0.536 -0.525 -3.57 -1.673 -0.953 -1.077 -1.693 0.372
1 2 3 4 5 6 7 8 9 10:33.402:-4.021 -5.533 -0.91 -3.994 -4.429 -4.119 -2.629 -3.671 -0.205 -3.891
1 2 3 4 5 6 7 8 9 10:21.693:-1.444 -0.777 1.877 -3.611 -1.955 1.181 -0.704 -2.395 -2.708 -5.041
1 2 3 4 5 6 7 8 9 10:26.169:0.048 2.805 0.74 4.153 4.579 1.483 3.298 4.722 2.02 2.321
1 2 3 4 5 6 7 8 9 10:16.412:-1.159 -2.506 3.629 0.313 -2.966 0.215 2.386 2.24 -0.077 0.921
1 2 3 4 5 6 7 8 9 10:12.752:-0.309 0.081 2.145 -2.104 -2.038 -1.429 1.318 1.081 0.646 -1.601
1 2 3 4 5 6 7 8 9 10:11.721:-1.682 1.382 0.271 0.159 0.632 1.885 -0.691 0.299 2.722 1.998
1 2 3 4 5 6 7 8 9 10:18.123:3.738 2.566 0.353 -0.636 2.916 2.934 1.807 -1.109 2.008 -0.056
1 2 3 4 5 6 7 8 9 10:27.937:7.11 0.235 4.174 7.16 -2.152 0.773 -0.89 1.394 1.781 2.268
1 2 3 4 5 6 7 8 9 10:54.516:7.565 3.837 -1.267 2.165 5.755 10.652 4.445 5.558 10.055 3.217
1 2 3 4 5 6 7 8 9 10:18.444:3.058 1.818 -0.342 -1.133 0.555 -2.871 -0.272 2.928 5.374 -0.093
1 2 3 4 5 6 7 8 9 10:24.031:-0.162 1.416 -1.239 0.333 0.62 0.84 -2.515 10.322 6.491 0.093
1 2 3 4 5 6 7 8 9 10:38.624:6.362 0.524 -1.444 -0.11 0.445 7.259 -0.542 13.426 6.297 2.215
1 2 3 4 5 6 7 8 9 10:25.843:1.689 -2.735 -1.002 -2.323 -2.115 -3.197 -0.172 -5.892 -5.771 -0.947
1 2 3 4 5 6 7 8 9 10:14.162:0.312 -0.402 2.497 0.113 3.484 -2.217 0.23 -1.873 1.907 1.127
1 2 3 4 5 6 7 8 9 10:10.170:-0.834 -0.523 -0.289 -0.867 -2.997 -0.052 0.166 -3.049 -1.108 -0.285
1 2 3 4 5 6 7 8 9 10:17.844:0.628 2.012 -1.742 0.494 -1.909 -1.938 -2.285 1.573 2.717 2.546
1 2 3 4 5 6 7 8 9 10:20.174:0.137 0.78 -2.27 5.753 -1.062 1.555 -1.096 -0.482 -2.288 4.751
1 2 3 4 5 6 7 8 9 10:13.404:-1.919 0.044 0.236 1.432 -1.538 0.707 1.481 -1.44 -1.68 2.927
1 2 3 4 5 6 7 8 9 10:12.753:-0.927 -0.015 1.278 -3.423 1.598 -0.644 1.185 -0.433 -0.007 3.243
1 2 3 4 5 6 7 8 9 10:25.670:-3.885 -2.234 0.06 -1.936 -3.683 -3.897 -1.8 -3.57 -3.262 -1.343
1 2 3 4 5 6 7 8 9 10:26.996:-2.014 -3.51 -0.533 -2.012 -5.494 -3.165 -0.922 -3.58 -5.651 0.115
1 2 3 4 5 6 7 8 9 10:29.844:9.244 2.384 -0.224 0.418 4.87 1.003 1.364 5.797 1.187 3.353
1 2 3 4 5 6 7 8 9 10:49.272:1.483 11.597 -0.687 4.203 8.764 3.581 6.383 2.877 6.118 3.579
1 2 3 4 5 6 7 8 9 10:61.621:3.353 8.888 -1.275 8.031 6.164 12.868 1.595 5.906 7.922 5.619
1 2 3 4 5 6 7 8 9 10:27.181:-0.404 2.14 -3.603 -4.036 -2.271 9.996 2.36 0.603 -1.493 -0.275
1 2 3 4 5 6 7 8 9 10:22.078:0.716 2.327 2.902 -0.386 0.166 1.803 3.908 7.733 0.113 2.024
1 2 3 4 5 6 7 8 9 10:30.696:-3.613 -2.369 -2.451 -0.95 -4.175 -6.556 -1.232 -4.064 -2.471 -2.815
1 2 3 4 5 6 7 8 9 10:21.289:-3.257 0.195 0.498 -0.639 0.692 5.414 -3.282 0.769 3.008 -3.535
1 2 3 4 5 6 7 8 9 10:24.054:4.167 1.546 0.931 1.895 2.988 3.167 2.126 2.656 -1.65 2.928
1 2 3 4 5 6 7 8 9 10:15.036:0.146 0 1.651 -2.281 1.601 -4.978 0.323 -2.017 -1.437 0.602
1 2 3 4 5 6 7 8 9 10:16.992:4.006 1.726 2.422 1.544 3.741 0.142 -0.478 0.759 1.875 0.299
1 2 3 4 5 6 7 8 9 10:20.471:3.571 -2.062 2.309 -1.238 -2.025 -3.357 0.376 -1.568 -2.37 1.595
1 2 3 4 5 6 7 8 9 10:22.740:0.678 -1.816 0.132 -1.898 -4.682 -3.271 -0.619 -4.13 -2.041 -3.473
1 2 3 4 5 6 7 8 9 10:57.880:5.333 3.553 3.752 3.431 1.694 9.298 3.787 5.97 16.645 4.417
1 2 3 4 5 6 7 8 9 10:14.255:-1.503 -1.597 0.044 -1.553 -0.766 -2.096 -2.402 -0.598 -3.515 -0.181
1 2 3 4 5 6 7 8 9 10:17.511:2.814 2.164 -1.141 -0.251 0.705 4.887 1.189 0.509 1.113 2.738
1 2 3 4 5 6 7 8 9 10:14.356:-2.695 0.977 -1.318 -0.144 1.567 1.584 -1.221 -2.716 -0.909 -1.225
1 2 3 4 5 6 7 8 9 10:11.891:0.043 -0.35 -0.423 1.08 -0.853 -1.304 1.428 -2.696 -3.139 -0.575
1 2 3 4 5 6 7 8 9 10:17.339:-0.097 1.731 2.497 0.285 8.64 -0.912 -0.27 -1.036 -0.205 1.666
1 2 3 4 5 6 7 8 9 10:18.363:-4.026 1.575 0.511 -1.278 6.307 1.103 0.22 -0.672 0.296 -2.375
1 2 3 4 5 6 7 8 9 10:36.538:-0.282 -6.18 -2.367 3.955 -7.051 -6.997 -1.781 -2.164 -2.876 -2.885
1 2 3 4 5 6 7 8 9 10:16.665:-1.21 -0.362 -0.943 0.726 -4.039 -1.896 -2.296 -1.622 -0.528 -3.043
1 2 3 4 5 6 7 8 9 10:20.091:-2.793 -1.417 -1.301 -0.927 2.571 0.414 -3.361 -3.286 -3.701 0.32
1 2 3 4 5 6 7 8 9 10:25.536:5.641 1.609 3.729 -2.253 2.005 3.358 1.337 4.435 1.063 -0.106
1 2 3 4 5 6 7 8 9 10:34.567:-3.489 -3.022 0.009 -2.872 -5.59 -0.83 4.192 -3.87 -3.322 -7.371
1 2 3 4 5 6 7 8 9 10:34.382:7.589 3.664 -0.575 1.46 3.09 3.563 -0.777 4.774 1.519 7.371
1 2 3 4 5 6 7 8 9 10:10.307:-0.569 -0.349 1.242 -0.504 0.41 -0.989 0.583 -1.859 3.234 -0.568
1 2 3 4 5 6 7 8 9 10:27.853:-4.492 -4.307 -0.981 -1.917 -4.4 -4.221 -0.402 -2.61 -3.823 -0.7
1 2 3 4 5 6 7 8 9 10:17.899:4.952 0.517 -6.288 -0.811 -0.197 1.519 1.091 1.067 1.349 -0.108
1 2 3 4 5 6 7 8 9 10:33.932:3.092 2.572 1.242 1.375 6.357 6.534 -0.275 2.253 7.506 2.726
1 2 3 4 5 6 7 8 9 10:38.712:4.869 5.185 0.304 -1.027 9.322 0.783 5.138 6.403 4.687 0.994
1 2 3 4 5 6 7 8 9 10:24.046:-0.508 -0.093 3.206 2.371 0.057 6.533 0.89 0.518 9.797 0.073
1 2 3 4 5 6 7 8 9 10:12.554:-0.521 0.279 1.338 4.162 2.633 -0.343 0.441 0.901 -0.095 1.841
1 2 3 4 5 6 7 8 9 10:31.725:-0.393 2.634 -1.535 0.486 4.717 -2.573 7.449 3.754 -6.88 -1.304
1 2 3 4 5 6 7 8 9 10:20.535:-0.121 -1.085 -1.844 5.29 0.659 0.86 -1.009 5.534 2.468 1.665
1 2 3 4 5 6 7 8 9 10:15.208:-2.054 -0.663 -0.512 1.084 -3.376 -3.22 -1.95 -0.058 0.469 -1.822
1 2 3 4 5 6 7 8 9 10:20.797:1.043 -4.258 -0.329 -2.079 -1.815 -2.461 1.793 -3.663 -1.448 -1.908
1 2 3 4 5 6 7 8 9 10:22.921:2.74 2.969 1.094 -2.322 4.607 1.755 -0.423 2.996 -0.306 3.709
1 2 3 4 5 6 7 8 9 10:16.531:0.09 -1.004 0.005 -3.601 -1.398 -1.145 3.542 -3.839 -1.251 -0.656
1 2 3 4 5 6 7 8 9 10:15.152:0.537 -0.059 -0.474 -1.128 -1.819 0.743 -4.308 -2.302 -1.657 2.125
1 2 3 4 5 6 7 8 9 10:15.843:1.484 -1.38 -1.731 -1.247 -1.634 -1.309 1.091 -2.794 -0.224 -2.949
1 2 3 4 5 6 7 8 9 10:17.011:-3.606 -0.49 -3.103 0.433 -3.96 -3.745 -0.258 0.107 0.83 -0.479
1 2 3 4 5 6 7 8 9 10:50.618:-5.834 -3.715 -2.104 -4.348 -6.517 -3.766 -7.007 -5.388 -7.808 -4.131
1 2 3 4 5 6 7 8 9 10:19.975:2.824 1.873 -0.069 1.089 7.372 0.321 4.056 -0.091 0.589 1.691
1 2 3 4 5 6 7 8 9 10:14.539:0.668 -1.091 -0.7 1.598 1.523 -1.214 -1.08 -1.213 5.27 -0.182
1 2 3 4 5 6 7 8 9 10:19.289:4.865 0.929 0.37 2.524 0.34 0.137 1.106 7.25 0.726 1.042
1 2 3 4 5 6 7 8 9 10:56.500:-6.152 -7.465 -4.72 -4.138 -6.007 -4.636 -7.503 -5.83 -3.912 -6.137
1 2 3 4 5 6 7 8 9 10:29.721:-4.722 -0.531 -1.977 -2.977 -0.48 -1.34 -3.341 -5.384 -3.303 -5.666
1 2 3 4 5 6 7 8 9 10:28.380:11.162 -0.013 1.441 0.384 1.055 0.574 1.266 1.261 7.176 4.048
1 2 3 4 5 6 7 8 9 10:18.167:-1.005 2.215 0.984 2.102 2.655 0.48 2.574 4.979 0.099 -1.074
1 2 3 4 5 6 7 8 9 10:12.590:-1.096 0.509 2.193 -0.749 0.262 1.536 2.031 0.813 -1.487 1.914
1 2 3 4 5 6 7 8 9 10:9.701:0.254 0.299 0.953 0 -0.986 0.641 0.005 -2.229 -2.113 -2.221
1 2 3 4 5 6 7 8 9 10:11.234:-0.507 -2.512 -1.035 -0.641 -1.961 -1.526 0.232 0.596 1.627 0.597
1 2 3 4 5 6 7 8 9 10:20.769:2.17 3.904 2.092 1.025 2.538 2.702 3.414 0.399 0.208 2.317
1 2 3 4 5 6 7 8 9 10:17.387:0.868 1.662 1.699 0.601 -0.932 1.694 3.798 2.326 2.078 1.729
1 2 3 4 5 6 7 8 9 10:24.815:-2.225 0.226 -6.069 1.382 -0.529 -0.307 -4.506 3.659 4.369 -1.543
1 2 3 4 5 6 7 8 9 10:22.962:-0.506 5.143 -3.536 1.179 5.851 3.342 1.006 1.112 0.401 -0.886
1 2 3 4 5 6 7 8 9 10:19.583:-3.466 -1.169 -0.141 -1.274 -1.173 -1.926 2.652 -2.56 -2.609 2.613
1 2 3 4 5 6 7 8 9 10:14.148:1.6 0.676 -1.999 -1.069 -1.102 -0.276 -3.217 0.163 -2.896 -1.15
1 2 3 4 5 6 7 8 9 10:15.425:-2.207 -1.439 -0.549 -0.373 -1.285 -2.596 0.489 -2.438 -1.315 2.734
1 2 3 4 5 6 7 8 9 10:10.207:-0.392 -1.423 2.156 -0.823 -2.17 0.185 -1.474 1.155 0 -0.429
1 2 3 4 5 6 7 8 9 10:30.651:-3.117 -3.69 -1.484 -3.433 -7.039 -3.267 0.795 -0.977 -3.557 -3.292
1 2 3 4 5 6 7 8 9 10:38.216:-5.545 -6.023 -3.826 -3.359 -5.95 -4.274 -0.872 -4.026 -0.389 -3.952
1 2 3 4 5 6 7 8 9 10:29.358:4.801 1.691 2.608 1.455 6.766 2.217 -5.297 0.266 3.127 1.13
1 2 3 4 5 6 7 8 9 10:27.910:8.297 1.167 0.264 0.359 1.996 3.629 0.162 5.313 3.254 3.469
1 2 3 4 5 6 7 8 9 10:20.457:1.547 1.71 1.55 2.025 -0.621 2.152 5.621 3.228 -0.116 1.887
1 2 3 4 5 6 7 8 9 10:13.229:-0.333 -1.069 -0.011 -3.541 0.813 -2.764 -1.396 -0.901 1.252 -1.149
1 2 3 4 5 6 7 8 9 10:20.321:-0.729 0.79 -0.38 0.968 -3.008 2.528 -0.365 2.172 -0.546 8.835
1 2 3 4 5 6 7 8 9 10:12.207:0.326 0.836 0.996 0.999 1.311 0.116 3.268 0.168 1.833 2.354
1 2 3 4 5 6 7 8 9 10:10.890:-0.396 -0.026 0.865 -0.435 1.483 0.173 -3.549 -0.868 0.238 -2.857
1 2 3 4 5 6 7 8 9 10:15.502:1.796 -1.685 0.168 -1.073 -2.488 -2.263 -0.459 -1.634 0.464 3.472
1 2 3 4 5 6 7 8 9 10:14.243:-1.724 2.967 0.64 2.651 0.574 1.789 -0.208 1.779 0.964 -0.947
1 2 3 4 5 6 7 8 9 10:16.264:0.765 1.101 -0.016 3.834 3.044 3.075 -0.924 -0.484 -0.905 2.116
1 2 3 4 5 6 7 8 9 10:11.281:-3.846 -0.076 0.7 -1.771 -2.246 0.867 0.318 0 -0.62 -0.837
1 2 3 4 5 6 7 8 9 10:15.211:-1.674 1.927 0.096 -0.192 2.046 3.108 0.082 -0.317 -2.393 3.376
1 2 3 4 5 6 7 8 9 10:13.203:-4.121 -0.771 -0.262 -0.423 -1.727 -1.445 -1.474 -1.486 -1.115 0.379
1 2 3 4 5 6 7 8 9 10:9.930:-1.463 0.414 -0.643 -0.347 4.3 0.049 -1.16 -0.323 0.147 -1.084
1 2 3 4 5 6 7 8 9 10:29.868:3.104 1.835 -2.417 3.408 2.859 3.255 -0.629 0.497 0.323 11.541
1 2 3 4 5 6 7 8 9 10:13.678:1.912 0.221 -2.183 2.097 0.439 -0.845 4.454 -0.656 0.871 0
1 2 3 4 5 6 7 8 9 10:18.362:1.413 2.128 1.006 0.99 1.194 4.321 1.903 2.047 2.324 -1.036
1 2 3 4 5 6 7 8 9 10:17.166:1.563 -1.617 0.263 0.182 -2.648 -2.806 2.867 4.298 0.346 -0.576
1 2 3 4 5 6 7 8 9 10:15.780:0.073 1.594 -0.234 -1.305 0.325 2.993 -1.637 2.656 3.161 1.802
1 2 3 4 5 6 7 8 9 10:18.818:4.624 1.545 -0.828 1.102 -1.415 0.175 -1.018 1.586 6.113 0.412
1 2 3 4 5 6 7 8 9 10:33.619:0.37 -4.696 -1.015 12.028 -2.332 -3.49 -2.131 2.771 -0.737 -4.049
1 2 3 4 5 6 7 8 9 10:20.578:-0.578 1.077 -0.82 2.335 -2.173 0.924 0.616 -1.68 6.219 4.156
1 2 3 4 5 6 7 8 9 10:16.396:3.758 -0.098 -1.103 -3.391 0.876 -1.51 -2.752 -0.695 -0.729 -1.484
1 2 3 4 5 6 7 8 9 10:26.559:-3.197 -3.126 -1.237 -5.217 -1.675 -0.379 -1.26 -1.848 -4.331 -4.289
1 2 3 4 5 6 7 8 9 10:59.054:-3.691 -5.847 -4.141 -8.204 -7.666 -4.156 -4.095 -4.745 -8.796 -7.713
1 2 3 4 5 6 7 8 9 10:25.321:0.414 2.218 4.307 2.338 2.802 0.912 3.561 4.077 -2.846 1.846
1 2 3 4 5 6 7 8 9 10:17.772:-2.775 -1.604 -0.659 -0.774 -5.683 -1.697 -0.632 -1.679 -1.244 -1.025
1 2 3 4 5 6 7 8 9 10:12.603:0.647 1.123 2.824 1.3 0.951 0.812 1.049 -2.693 -0.477 0.727
1 2 3 4 5 6 7 8 9 10:21.123:5.387 3.317 1.296 0.257 0.419 2.473 4.447 2.005 0.662 0.86
1 2 3 4 5 6 7 8 9 10:15.777:0.39 3.556 0.233 0.073 1.564 5.776 0.166 -0.819 1.956 1.244
1 2 3 4 5 6 7 8 9 10:13.114:3.966 -1.297 1.639 0.219 0.24 -1.425 1.423 1.528 1.222 -0.155
1 2 3 4 5 6 7 8 9 10:11.745:0.68 0.926 -1.278 -1.203 -0.683 -0.55 -3 -0.112 -1.161 2.152
1 2 3 4 5 6 7 8 9 10:17.900:-3.608 -0.93 -3.352 -1.292 0.413 -0.379 1.681 -4.316 -1.284 -0.645
1 2 3 4 5 6 7 8 9 10:25.763:-1.837 -3.091 -2.322 -1.981 -1.198 -3.081 -2.761 -2.49 1.225 -5.777
1 2 3 4 5 6 7 8 9 10:19.061:3.551 -0.672 -1.88 -1.907 -4.608 -0.78 -2.829 0.284 1.689 -0.861
1 2 3 4 5 6 7 8 9 10:24.536:-3.682 0.468 5.413 0.661 2.724 3.111 3.558 0.794 -1.825 -2.3
1 2 3 4 5 6 7 8 9 10:8.049:2.502 1.242 0.695 -0.463 0.636 0.123 0.148 -0.486 1.022 -0.732
1 2 3 4 5 6 7 8 9 10:19.881:-2.401 -3.208 -2.639 -0.931 -2.319 -2.885 -0.879 -1.486 -2.817 -0.316
1 2 3 4 5 6 7 8 9 10:46.704:-3.721 -6.22 -2.687 -5.366 -10.468 -5.005 -3.91 -3.777 -1.088 -4.462
1 2 3 4 5 6 7 8 9 10:19.444:1.288 4.647 1.76 0.041 2.451 3.993 1.739 0.652 -2.331 -0.542
1 2 3 4 5 6 7 8 9 10:10.793:2.543 -0.996 -0.25 1.655 -0.196 0.372 2.506 0.762 -1.29 0.223
1 2 3 4 5 6 7 8 9 10:10.978:0.676 -0.612 -0.562 -1.465 -2.436 -0.713 0.638 0.587 -2.689 0.6
1 2 3 4 5 6 7 8 9 10:12.511:-1.002 -1.627 -0.637 -0.661 -2.376 -0.735 -0.46 -0.056 -3.942 -1.015
1 2 3 4 5 6 7 8 9 10:30.034:0.354 -3.656 -2.898 -4.823 -14.934 0.135 0.319 0.191 -0.996 -1.728
1 2 3 4 5 6 7 8 9 10:33.918:-0.685 -6.392 -1.489 -3.014 10.233 -0.062 -1.706 -3.797 -2.852 -3.688
1 2 3 4 5 6 7 8 9 10:29.872:1.167 6.12 0.923 0.315 1.012 4.58 -0.938 4.856 5.378 4.583
1 2 3 4 5 6 7 8 9 10:60.518:-6.15 -6.886 -5.521 -10.283 -11.368 -7.965 -0.279 -3.731 -8.143 0.192
1 2 3 4 5 6 7 8 9 10:51.665:5.848 8.83 3.854 5.105 5.504 4.735 0.179 1.638 7.022 8.95
1 2 3 4 5 6 7 8 9 10:12.685:0.384 0.559 0.351 3.333 0.512 0.89 1 2.985 2.351 0.32
1 2 3 4 5 6 7 8 9 10:14.193:-0.352 -1.112 -2.33 0.138 -2.317 -1.769 -1.006 -2.413 -1.501 -1.255
1 2 3 4 5 6 7 8 9 10:19.183:-2.989 -2.249 -1.896 -0.828 3.416 -2.351 0.374 -1.039 0.874 3.167
1 2 3 4 5 6 7 8 9 10:18.159:-0.448 -3.377 -1.123 -1.995 -2.156 -2.861 -1.453 -1.096 -2.357 -1.293
1 2 3 4 5 6 7 8 9 10:50.785:-8.918 -4.274 -1.841 -3.551 -6.985 -5.673 -4.052 -6.357 -6.515 -2.619
1 2 3 4 5 6 7 8 9 10:33.657:1.4 5.102 7.029 4.075 2.571 4.402 -0.688 0.912 7.404 0.074
1 2 3 4 5 6 7 8 9 10:28.513:1.641 2.913 1.49 6.887 5.504 5.177 0.447 3.346 0.352 0.756
1 2 3 4 5 6 7 8 9 10:21.687:-0.434 4.555 1.424 3.883 -0.559 3.278 3.332 2.28 -1.171 0.771
1 2 3 4 5 6 7 8 9 10:8.176:0.112 -0.254 0.18 -1.274 -0.656 1.349 2.783 -0.462 -0.02 -1.086
1 2 3 4 5 6 7 8 9 10:21.323:1.698 -2.926 1.29 -2.022 -2.216 -2.024 -0.482 -1.973 -5.981 -0.711
1 2 3 4 5 6 7 8 9 10:15.729:2.538 -0.655 0.3 -1.625 2.17 -0.919 0.574 3.291 1.004 -2.653
1 2 3 4 5 6 7 8 9 10:30.175:2.647 4.206 2.106 0.937 2.548 4.148 3.747 5.398 2.751 1.687
1 2 3 4 5 6 7 8 9 10:34.294:10.47 2.124 2.158 8.05 2.163 -1.473 1.68 5.089 1.002 -0.085
1 2 3 4 5 6 7 8 9 10:20.318:-1.38 -2.52 -1.44 1.392 -2.748 -0.219 2.579 -1.738 1.108 -5.194
1 2 3 4 5 6 7 8 9 10:12.329:-2.252 1.342 0.612 -1.252 -2.362 0.291 -2.162 -0.948 -0.558 -0.55
1 2 3 4 5 6 7 8 9 10:10.743:0.274 -0.474 1.888 -0.736 -1.139 1.018 0.559 -1.446 -1.561 -1.648
1 2 3 4 5 6 7 8 9 10:10.237:1.075 -0.098 -2.288 -0.329 1.008 0.84 1.101 -0.421 -0.391 -2.686
1 2 3 4 5 6 7 8 9 10:16.018:-0.513 2.384 2.312 -2.355 -0.285 -1.048 1.002 2.968 -1.889 -1.262
1 2 3 4 5 6 7 8 9 10:23.736:-1.147 -0.356 -1.918 -2.962 -3.668 2.454 -0.034 3.198 -0.569 7.43
1 2 3 4 5 6 7 8 9 10:9.918:2.114 2.515 0.981 -0.305 0.841 -0.207 1.897 0.489 -0.558 0.011
1 2 3 4 5 6 7 8 9 10:15.234:1.377 2.655 1.65 1.225 0.932 -0.653 1.451 -2.333 1.613 -1.345
1 2 3 4 5 6 7 8 9 10:15.142:-1.805 -0.627 -1.98 -1.167 -1.458 0.481 2.469 2.586 -1.014 -1.555
1 2 3 4 5 6 7 8 9 10:43.969:1.335 1.446 2.319 5.072 10.454 4.862 -2.368 2.268 2.225 11.62
1 2 3 4 5 6 7 8 9 10:12.796:-0.029 0.35 0.539 4.037 5.134 -0.685 0.382 -0.307 0.297 1.036
1 2 3 4 5 6 7 8 9 10:14.626:-2.836 1.782 -4.24 -0.56 -1.231 -0.097 -0.278 -1.033 -1.006 -1.563
1 2 3 4 5 6 7 8 9 10:13.444:-1.877 0.977 1.8 0.805 -0.387 1.099 -1.856 -1.887 -1.364 -1.392
1 2 3 4 5 6 7 8 9 10:9.513:0.921 0.804 0.322 1.038 -2.374 -0.855 1.597 -0.665 0.529 0.408
1 2 3 4 5 6 7 8 9 10:17.047:0.605 -1.283 -0.292 -0.711 -1.061 -2.27 2.3 6.343 -0.463 1.719
1 2 3 4 5 6 7 8 9 10:14.859:0.72 1.792 -0.234 0.08 2.145 4.52 0.497 -2.866 0.275 -1.73
1 2 3 4 5 6 7 8 9 10:23.145:-3.222 -2.393 -0.868 -2.146 -4.549 -0.469 -2.877 -2.313 -3.235 -1.073
1 2 3 4 5 6 7 8 9 10:8.212:-1.144 -0.572 -1.349 0.041 -0.458 0.1 -0.551 -1.255 -0.109 -2.633
1 2 3 4 5 6 7 8 9 10:23.625:0.205 -0.626 -2.705 -1.868 -5.709 -0.05 -4.359 -0.992 -2.816 4.295
1 2 3 4 5 6 7 8 9 10:24.903:-1.073 -2.842 -2.041 -0.703 -5.176 -3.516 -2.952 1.9 3.818 -0.882
1 2 3 4 5 6 7 8 9 10:16.159:-0.826 -0.026 0.013 -0.875 2.575 0.224 5.719 1.526 -1.623 2.752
1 2 3 4 5 6 7 8 9 10:12.932:0.344 3.217 0.151 2.018 -1.054 1.846 -2.939 -0.01 -0.161 1.192
1 2 3 4 5 6 7 8 9 10:17.193:-1.339 -2.604 2.469 -2.019 -3.349 -1.584 0.533 -1.594 0.565 -1.137
1 2 3 4 5 6 7 8 9 10:35.278:-3.934 -4.135 -1.325 -2.061 -4.252 -5.133 -0.721 -1.682 -6.578 -5.457
1 2 3 4 5 6 7 8 9 10:28.205:1.642 4.066 1.746 1.03 4.221 4.238 3.652 -0.083 5.33 2.197
1 2 3 4 5 6 7 8 9 10:8.906:0.226 -0.805 1.026 0.34 -2.735 1.507 0.267 -0.303 -1.476 -0.221
1 2 3 4 5 6 7 8 9 10:14.437:-1.462 1.038 1.771 -1.059 -1.785 -0.515 3.618 -0.639 -1.325 1.225
1 2 3 4 5 6 7 8 9 10:9.028:-0.567 -2.055 -1.289 -1.241 -1.652 -0.492 -0.289 0.021 -1.015 0.407
1 2 3 4 5 6 7 8 9 10:10.042:0.033 -1.156 -1.288 0.39 -3.415 -1.177 0.161 0.99 -0.154 -1.278
1 2 3 4 5 6 7 8 9 10:31.203:-2.007 -5.21 -4.31 -1.036 -5.159 -3.451 -0.464 -0.282 -3.938 -5.346
1 2 3 4 5 6 7 8 9 10:11.868:0.28 -2.411 0.714 -0.218 0.183 -1.288 2.114 -0.178 -4.293 0.189
1 2 3 4 5 6 7 8 9 10:39.137:-2.723 -3.191 -4.744 -3.454 -3.661 -3.195 -5.031 -4.076 -6.199 -2.863
1 2 3 4 5 6 7 8 9 10:17.696:-3.774 -0.592 1.142 -2.944 -0.443 -0.834 0.724 -2.425 3.161 1.657
1 2 3 4 5 6 7 8 9 10:25.402:0.06 -2.751 0.886 -1.213 -3.308 -2.816 -3.871 -1.187 -7.725 -1.585
1 2 3 4 5 6 7 8 9 10:30.292:-4.289 2.53 -2.512 -2.929 -5.724 1.144 3.741 -2.47 0.762 -4.191
1 2 3 4 5 6 7 8 9 10:25.017:-1.693 -1.241 -1.696 -0.681 3.559 -3.345 -2.09 0.325 -5.965 -4.422
1 2 3 4 5 6 7 8 9 10:19.720:3.305 -1.024 -2.791 0.686 -4.717 -0.352 -1.268 2.026 0.645 -2.906
1 2 3 4 5 6 7 8 9 10:28.555:5.063 2.65 0.999 0.487 3.324 -1.284 1.27 -0.511 7.881 5.086
1 2 3 4 5 6 7 8 9 10:27.669:2.438 2.062 1.155 3.535 3.628 2.748 -0.716 2.11 0.942 8.335
1 2 3 4 5 6 7 8 9 10:23.958:-0.809 -2.739 1.245 -1.123 1.915 -1.745 4.203 -4.692 -3.659 -1.828
1 2 3 4 5 6 7 8 9 10:24.712:-0.39 -1.339 -2.188 -2.838 -4.213 -3.29 -4.44 -2.063 0.32 -3.631
1 2 3 4 5 6 7 8 9 10:34.377:3.666 3.4 2.389 3.019 -0.203 0.903 7.173 5.769 1.893 5.962
1 2 3 4 5 6 7 8 9 10:13.336:1.635 -0.181 1.146 -0.52 1.627 -1.439 0.786 -0.883 -4.286 -0.833
1 2 3 4 5 6 7 8 9 10:16.634:-2.484 -1.934 0.687 -1.663 -3.869 0.013 2.321 -1.199 0.932 -1.532
1 2 3 4 5 6 7 8 9 10:23.787:-0.101 -3.852 -1.656 -4.106 -3.331 -3.147 -2.419 -0.52 -4.332 -0.323
1 2 3 4 5 6 7 8 9 10:12.697:-0.663 2.516 1.892 0.504 2.584 0.701 0.291 -0.128 -1.533 1.885
1 2 3 4 5 6 7 8 9 10:16.535:0.215 1.469 1.229 2.807 2.869 -1.568 1.258 -3.71 0.445 -0.965
1 2 3 4 5 6 7 8 9 10:31.631:3.306 6.871 1.221 1.219 -2.449 5.149 1.569 -0.06 8.905 -0.882
1 2 3 4 5 6 7 8 9 10:22.194:1.485 -0.375 0.613 -0.963 4.812 1.301 2.725 3.735 1.561 4.624
1 2 3 4 5 6 7 8 9 10:26.134:-1.571 -2.474 -0.904 7.296 -4.79 -1.278 -1.71 4.101 0.728 -1.282
1 2 3 4 5 6 7 8 9 10:10.764:0.514 0.964 1.067 0.544 3.354 -1.282 0.031 -0.47 -1.273 1.265
1 2 3 4 5 6 7 8 9 10:13.678:0.054 -2.821 -0.998 -0.541 1.961 -2.706 -0.192 -1.259 -2.461 0.685
1 2 3 4 5 6 7 8 9 10:17.035:0.087 -1.149 0.058 7.842 -0.464 -0.007 -3.135 -0.558 -2.242 1.493
1 2 3 4 5 6 7 8 9 10:17.597:-1.477 -2.478 -1.195 3.363 -4.131 0.347 0.969 -2.588 1.027 -0.022
1 2 3 4 5 6 7 8 9 10:19.238:1.907 2.337 2.655 -2.643 0 1.872 0.938 -1.234 2.915 2.737
1 2 3 4 5 6 7 8 9 10:9.269:0.368 -0.414 -1.771 -0.961 -0.764 1.78 -2.273 0.119 0.24 0.579
1 2 3 4 5 6 7 8 9 10:10.662:-1.725 -0.847 -0.13 -2.362 -1.331 -0.252 1.344 -0.333 -0.359 -1.979
1 2 3 4 5 6 7 8 9 10:37.874:-1.985 -4.471 -3.89 -5.529 -5.962 -2.485 -0.768 -2.183 -2.633 -7.968
1 2 3 4 5 6 7 8 9 10:14.168:1.287 1.999 -1.142 -2.606 2.264 2.121 0.882 -0.256 -1.518 0.093
1 2 3 4 5 6 7 8 9 10:20.521:0.685 1.051 -1.134 -1.549 -3.911 -0.633 -4.399 2.714 -1.175 3.27
1 2 3 4 5 6 7 8 9 10:24.208:-0.439 -4.131 -2.184 -2.48 -3.763 -3.206 -0.565 -3.202 -2.632 -1.606
1 2 3 4 5 6 7 8 9 10:16.254:-2.425 -0.674 -3.081 0 1.756 -0.323 1.797 1.045 -1.342 3.811
1 2 3 4 5 6 7 8 9 10:22.774:1.129 -1.159 -1.546 -2.934 -4.706 -2.107 -0.023 -5.963 2.416 0.791
1 2 3 4 5 6 7 8 9 10:43.394:-1.407 5.561 6.784 6.096 4.938 3.61 1.863 4.478 4.796 3.861
1 2 3 4 5 6 7 8 9 10:19.487:-2.594 -3.427 -0.992 1.899 -1.255 -1.387 0.933 -2.366 -1.4 -3.234
1 2 3 4 5 6 7 8 9 10:20.621:2.372 2.99 2.536 -2.982 1.589 -0.977 2.207 0.837 3.328 0.803
1 2 3 4 5 6 7 8 9 10:16.874:-0.261 0.766 3.846 0.865 2.267 1.2 -1.145 -1.85 -0.594 4.08
1 2 3 4 5 6 7 8 9 10:12.130:0.581 0.712 0.803 1.619 0.841 -0.633 0.706 2.051 -0.336 3.848
1 2 3 4 5 6 7 8 9 10:13.205:1.2 0.424 1.286 -1.172 -0.607 -0.836 4.849 0.967 0.141 -1.723
1 2 3 4 5 6 7 8 9 10:13.477:-0.94 -0.266 -0.019 0.806 -3.051 -1.023 1.682 -0.784 4.004 -0.902
1 2 3 4 5 6 7 8 9 10:18.956:0.395 -1.836 -0.973 -0.941 -4.091 -0.311 -2.121 -2.909 3.814 1.565
1 2 3 4 5 6 7 8 9 10:13.305:-0.158 3.342 0.573 -0.19 1.477 0.603 0.317 0.194 -3.501 2.95
1 2 3 4 5 6 7 8 9 10:14.136:-1.273 0.495 1.728 0.048 -1.374 3.382 -0.792 1.766 -2.29 -0.988
1 2 3 4 5 6 7 8 9 10:14.454:-0.126 -0.816 3.887 0.333 0.574 -0.182 -0.013 1.609 6.736 -0.178
1 2 3 4 5 6 7 8 9 10:16.977:1.337 2.328 4.127 -0.427 -2.282 2.377 0.348 2.194 0.508 1.049
1 2 3 4 5 6 7 8 9 10:30.467:2.053 2.215 -0.259 0 6.339 1.122 4.399 3.452 9.825 0.803
1 2 3 4 5 6 7 8 9 10:14.777:-1.602 1.039 0.366 -0.095 -2.275 1.324 -1.199 0.224 5.351 -1.302
1 2 3 4 5 6 7 8 9 10:16.777:1.572 1.689 0.341 0.381 4.334 2.334 3.67 1.176 -1.103 -0.177
1 2 3 4 5 6 7 8 9 10:12.307:3.118 0.188 -0.48 -0.57 -2 1.886 -2.5 0.5 -0.996 -0.069
1 2 3 4 5 6 7 8 9 10:8.524:-2.391 0.187 0.471 -1.241 1.02 0.328 -0.609 1.296 -0.28 -0.701
1 2 3 4 5 6 7 8 9 10:8.585:-0.868 0.317 -0.966 -0.387 -2.797 -0.744 -0.469 -0.343 -1.615 0.079
1 2 3 4 5 6 7 8 9 10:13.234:0.532 1.463 -1.23 0.049 2.398 1.679 -1.054 -1.593 -2.551 0.685
1 2 3 4 5 6 7 8 9 10:16.506:2.789 -0.127 1.137 1.649 3.123 1.061 2.906 3.168 -0.467 0.079
1 2 3 4 5 6 7 8 9 10:30.481:3.249 1.883 1.598 0.716 2.725 4.871 0.532 4.617 5.324 4.966
1 2 3 4 5 6 7 8 9 10:20.574:-0.748 -0.959 2.167 -0.521 5.895 -0.134 -3.546 -1.651 4.24 -0.713
1 2 3 4 5 6 7 8 9 10:8.785:-0.262 1.178 0.81 0.857 -0.626 -0.395 0.528 0.735 3.054 0.34
1 2 3 4 5 6 7 8 9 10:12.524:1.385 -0.125 -0.628 -1.369 0.7 -0.039 2.785 -2.908 -1.369 -1.216
1 2 3 4 5 6 7 8 9 10:11.390:1.056 -0.777 0.62 -0.191 -2.782 -1.544 -0.084 0.157 -2.471 -1.708
1 2 3 4 5 6 7 8 9 10:14.771:-1.014 0.965 0.916 -0.192 0.286 0.716 -2.555 -4.133 -0.956 -3.038
1 2 3 4 5 6 7 8 9 10:10.137:-2.079 2.176 -0.359 -0.24 2.14 0.079 0.297 -0.794 0.892 1.081
1 2 3 4 5 6 7 8 9 10:22.063:3.191 3.621 4.54 0.819 2.235 1.195 2.104 -1.437 0.891 2.03
1 2 3 4 5 6 7 8 9 10:10.544:1.065 1.034 1.087 0.86 -0.82 1.409 1.125 -1.147 1.405 0.592
1 2 3 4 5 6 7 8 9 10:14.853:-1.702 -0.44 0.527 0.568 1.584 2.642 -0.359 5.705 -0.236 1.09
1 2 3 4 5 6 7 8 9 10:13.978:-0.639 -1.978 -0.254 -0.612 -0.814 -1.868 1.577 -2.161 -1.374 -2.701
1 2 3 4 5 6 7 8 9 10:13.597:5.072 -1.181 -0.626 0.427 -2.734 -1.058 -0.457 -0.655 -0.965 -0.422
1 2 3 4 5 6 7 8 9 10:13.799:1.747 -1.236 0.903 -3.823 0.211 -1.163 1.393 1.059 -1.348 0.916
1 2 3 4 5 6 7 8 9 10:6.213:-0.116 0.054 -0.927 -0.196 0.771 0.039 1.495 0.64 0.579 -1.396
1 2 3 4 5 6 7 8 9 10:7.143:0.855 0.68 -2.079 0 -0.418 -0.151 0.55 -0.231 0.288 -1.891
1 2 3 4 5 6 7 8 9 10:17.104:0.944 -0.486 -0.999 -1.524 -3.005 1.619 -3.354 0.997 -0.523 -3.653
1 2 3 4 5 6 7 8 9 10:20.231:-3.32 1.099 3.815 0.2 0.648 2.973 0.732 4.971 2.421 -0.052
1 2 3 4 5 6 7 8 9 10:12.463:1.431 0.094 1.306 0.149 -3.15 0.39 3.115 1.586 -0.571 -0.671
1 2 3 4 5 6 7 8 9 10:31.905:-1.245 1.676 0.786 2.587 15.891 1.903 3.978 0.517 3.206 -0.116
1 2 3 4 5 6 7 8 9 10:15.751:-1.084 0.316 4.098 -1.455 -2.423 -0.188 -2.125 -2.463 0.923 0.676
1 2 3 4 5 6 7 8 9 10:25.240:-0.687 2.314 -4.292 3.199 6.928 2.284 2.531 1.636 0.865 0.504
1 2 3 4 5 6 7 8 9 10:18.384:0.291 -3.97 -3.847 -0.381 -1.834 -1.671 1.493 -1.675 -1.114 -2.108
1 2 3 4 5 6 7 8 9 10:20.570:-2.4 -2.382 -1.884 -2.106 -2.491 -2.671 0.32 -2.22 -3.296 -0.8
1 2 3 4 5 6 7 8 9 10:15.370:3.76 0.932 1.494 0.098 0 1.559 -4.859 2.416 0.166 -0.086
1 2 3 4 5 6 7 8 9 10:17.018:-0.365 1.046 0.572 0.489 5.875 1.435 3.253 1.042 2.586 -0.355
1 2 3 4 5 6 7 8 9 10:15.839:-0.813 1.25 -0.564 1.653 3.317 0.829 3.862 2.226 0.915 -0.41
1 2 3 4 5 6 7 8 9 10:7.624:-0.43 0.876 -1.003 0 -0.817 -0.473 -1.75 -1.455 -0.614 -0.206
1 2 3 4 5 6 7 8 9 10:16.498:-0.151 -2.658 -1.481 -1.435 -1.177 -1.198 1.671 -2.167 -2.149 2.411
1 2 3 4 5 6 7 8 9 10:25.339:2.965 5.434 3.091 1.698 3.574 5.247 -1.02 0.793 0.287 1.23
1 2 3 4 5 6 7 8 9 10:13.295:0.595 2.128 0.634 0.239 1.553 2.895 -1.28 2.875 -0.122 -0.974
1 2 3 4 5 6 7 8 9 10:8.513:1.271 -0.829 0.48 -0.095 -1.302 -1.226 0.083 2.136 0.752 0.339
1 2 3 4 5 6 7 8 9 10:11.951:2.779 -0.228 0.413 -0.429 3.672 1.661 -0.043 1.987 0.697 -0.042
1 2 3 4 5 6 7 8 9 10:15.198:5.976 0.292 1.484 -0.431 2.767 -1.375 1.141 -1.316 -0.078 -0.338
1 2 3 4 5 6 7 8 9 10:15.090:-0.924 1.05 0.831 1.97 0.431 -0.682 -1.327 -1.023 2.374 -4.478
1 2 3 4 5 6 7 8 9 10:10.197:0.178 -0.551 0.527 -0.754 -1.501 1.06 0.584 -1.504 -1.277 2.261
1 2 3 4 5 6 7 8 9 10:13.994:-0.594 -0.076 -2.071 -0.902 -5.77 -1.005 0.111 0.562 2.405 -0.498
1 2 3 4 5 6 7 8 9 10:15.519:2.452 3.2 0.689 0.192 -0.347 3.889 1.05 1.044 -1.796 0.86
1 2 3 4 5 6 7 8 9 10:7.878:0.27 -0.208 0.316 -0.335 -1.333 -0.548 0.9 1.534 -1.592 0.842
1 2 3 4 5 6 7 8 9 10:8.423:0.764 -0.379 0.535 -0.624 -2.115 1.661 -0.562 -0.668 -0.869 0.246
1 2 3 4 5 6 7 8 9 10:13.457:-1.972 0.933 0.084 -0.338 -1.681 0.551 -2.664 -2.452 1.596 -1.186
1 2 3 4 5 6 7 8 9 10:33.214:-1.766 -5.328 -2.566 -1.357 -6.288 -5.071 -1.84 -2.864 -4.188 -1.946
1 2 3 4 5 6 7 8 9 10:12.449:-4.32 -1.015 0.942 -0.589 -0.717 -0.778 1.013 0.306 -1.347 -1.422
1 2 3 4 5 6 7 8 9 10:16.868:4.272 1.766 1.522 1.087 -1.706 2.47 1.977 0.337 -0.512 1.219
1 2 3 4 5 6 7 8 9 10:20.393:-5.056 -3.113 -0.919 -1.173 2.403 -3.084 2.466 -0.347 1.589 0.243
1 2 3 4 5 6 7 8 9 10:13.356:0.085 0.25 -0.416 -0.643 2.608 0.015 0.154 -2.047 1.748 -5.39
1 2 3 4 5 6 7 8 9 10:29.746:-2.179 -2.824 -3.06 -3.285 -2.795 -3.673 -2.539 -3.457 -2.952 -2.982
1 2 3 4 5 6 7 8 9 10:37.130:-5.228 -4.838 -4.353 -4.066 -5.098 -5.854 -3.697 -0.334 -2.833 0.829
1 2 3 4 5 6 7 8 9 10:12.679:2.962 -0.369 3.283 2.414 -0.551 0.416 -0.347 -0.162 -0.52 -1.655
1 2 3 4 5 6 7 8 9 10:8.137:-0.119 -0.57 -0.768 -1.414 0.416 -1.69 -0.146 -0.417 -2.5 0.097
1 2 3 4 5 6 7 8 9 10:9.570:-0.168 0.53 0.657 0.266 -0.207 0.566 -0.655 4.287 1.823 0.411
1 2 3 4 5 6 7 8 9 10:18.901:0.852 1.74 1.118 0.106 7.464 0.788 5.489 0.223 0.085 1.036
1 2 3 4 5 6 7 8 9 10:19.587:1.573 -2.481 -3.749 -1.8 -4.823 -0.323 -0.747 1.356 -0.767 -1.968
1 2 3 4 5 6 7 8 9 10:20.957:-1.626 3.234 1.74 0.863 6.622 2.168 -0.987 1.843 0.804 1.07
1 2 3 4 5 6 7 8 9 10:19.393:2.046 2.297 -0.917 4.49 0.634 1.628 3.116 1.292 2.516 0.457
1 2 3 4 5 6 7 8 9 10:11.800:0.357 0.422 -0.09 3.939 -1.952 -0.418 2.388 -0.574 -0.498 -1.162
1 2 3 4 5 6 7 8 9 10:13.718:-1.422 -0.718 -0.294 -1.378 -2.184 -1.136 -0.951 -2.802 -1.609 -1.224
1 2 3 4 5 6 7 8 9 10:27.989:-4.034 -2.116 -1.184 -2.146 -2.823 -3.951 -3.078 -3.487 -3.44 -1.73
1 2 3 4 5 6 7 8 9 10:15.620:4.711 2.329 0.178 -0.816 4.189 1.297 -0.108 -1.06 0.607 -0.325
1 2 3 4 5 6 7 8 9 10:17.874:-4.683 -1.172 -1.459 -1.799 -3.437 -0.772 0.334 1.325 1.778 -1.115
1 2 3 4 5 6 7 8 9 10:9.876:0.661 -1.062 -1.678 0.628 -1.612 0.133 -2.499 -0.432 -0.538 0.633
1 2 3 4 5 6 7 8 9 10:12.203:-0.97 0.195 1.376 -0.26 0.273 -4.748 -0.973 -1.096 -0.486 -1.826
1 2 3 4 5 6 7 8 9 10:16.386:2.245 1.739 2.935 0.417 -0.34 0.723 5.55 0.115 1.245 -1.077
1 2 3 4 5 6 7 8 9 10:16.880:-1.657 1.272 0.311 -1.403 2.596 1.14 -3.618 2.837 0.568 -1.478
1 2 3 4 5 6 7 8 9 10:8.108:0.518 0.837 0.056 -0.105 0.799 -1.488 1.447 -1.379 -0.913 -0.566
1 2 3 4 5 6 7 8 9 10:13.749:-0.929 -0.964 -2.424 -0.527 -1.123 0.802 2.827 0.819 -0.992 -2.342
1 2 3 4 5 6 7 8 9 10:10.486:2.212 -0.581 -1.15 1.06 0.067 0.086 -0.681 0.519 -0.702 3.428
1 2 3 4 5 6 7 8 9 10:15.639:-2.612 0.571 -1.245 -0.682 3.138 -0.219 -2.687 -0.954 -0.675 -2.856
1 2 3 4 5 6 7 8 9 10:22.680:3.43 3.719 1.574 0.264 1.23 2.078 5.896 1.937 -0.408 2.144
1 2 3 4 5 6 7 8 9 10:14.796:-2.019 0.287 -5.576 -0.369 0.384 2.324 -2.304 -1.411 -0.056 -0.066
1 2 3 4 5 6 7 8 9 10:11.238:0.94 0.234 2.018 0.74 -0.892 2.177 -0.22 -0.349 0.788 2.88
1 2 3 4 5 6 7 8 9 10:9.711:0.02 1.077 -0.127 2.047 -0.45 0.616 2.269 0.373 -0.215 2.517
1 2 3 4 5 6 7 8 9 10:12.406:-0.11 -1.155 1.248 0.463 4.196 -1.435 -0.397 1.623 -0.639 -1.14
1 2 3 4 5 6 7 8 9 10:13.483:-0.551 -0.104 -0.808 -0.768 -1.177 1.57 5.394 -1.708 -0.225 -1.178
1 2 3 4 5 6 7 8 9 10:10.906:0.574 0.663 -2.153 0.619 -1.944 -0.499 0.473 1.004 1.515 1.462
1 2 3 4 5 6 7 8 9 10:13.373:2.163 2.711 -0.592 -0.308 -1.598 0.631 0.373 3.608 0.365 1.024
1 2 3 4 5 6 7 8 9 10:11.372:0.637 -0.189 0.961 -0.874 1.949 -2.332 -0.893 -0.981 -1.63 -0.926
1 2 3 4 5 6 7 8 9 10:11.533:-0.662 -1.486 -0.94 -1.194 -0.446 -3.826 -0.202 -0.664 -1.52 -0.593
1 2 3 4 5 6 7 8 9 10:12.021:1.824 2.403 0.713 0.158 0 1.187 -0.683 3.387 -0.269 -1.397
1 2 3 4 5 6 7 8 9 10:18.810:-0.347 1.485 -0.394 -0.105 6.018 3.497 -0.303 -0.88 3.759 2.022
1 2 3 4 5 6 7 8 9 10:11.456:-3.963 -0.258 0.229 1.05 -0.06 -0.796 -0.36 -1.091 2.967 0.682
1 2 3 4 5 6 7 8 9 10:15.534:-2.033 -1.036 0.006 -0.416 -0.665 -1.731 -2.078 2.823 -2.89 -1.856
1 2 3 4 5 6 7 8 9 10:8.036:-1.602 0.411 -1.689 0 -1.095 -0.693 0.223 -0.715 -0.292 1.316
1 2 3 4 5 6 7 8 9 10:13.597:-0.397 -0.621 -0.52 0.313 6.765 0.901 0.517 -1.663 -1.623 -0.277
1 2 3 4 5 6 7 8 9 10:10.195:0.734 -1.424 0.095 -0.26 -2.938 -0.736 -1.586 0.959 0.274 -1.189
1 2 3 4 5 6 7 8 9 10:12.905:-2.58 -1.013 0.642 -0.469 -4.095 -0.062 -2.277 -0.107 -1.34 -0.32
1 2 3 4 5 6 7 8 9 10:4.157:-0.812 0.23 -0.038 0.367 0.557 -0.748 0.566 -0.352 0.333 -0.154
1 2 3 4 5 6 7 8 9 10:12.006:1.195 0.14 0.088 4.906 -2.031 -0.55 0.434 -1.951 0.235 0.476
1 2 3 4 5 6 7 8 9 10:13.150:2.096 1.135 0.926 -2.637 2.638 1.937 -0.086 0.579 0.348 0.768
1 2 3 4 5 6 7 8 9 10:10.259:1.834 -0.504 0.725 -0.153 2.815 1.381 0.194 -0.87 1.161 0.622
1 2 3 4 5 6 7 8 9 10:6.680:-1.238 -0.52 0.566 -0.972 0.952 -0.259 -0.131 1.48 -0.032 0.53
1 2 3 4 5 6 7 8 9 10:13.866:0.777 2.573 0.85 0.258 -1.769 2.145 0.92 2.582 -0.422 1.57
1 2 3 4 5 6 7 8 9 10:17.668:3.157 2.496 1.237 0.103 0.9 3.994 -0.734 4.487 -0.288 0.272
1 2 3 4 5 6 7 8 9 10:20.388:-1.455 -0.472 0.467 5.922 2.142 -0.682 3.074 2.379 2.279 -1.516
1 2 3 4 5 6 7 8 9 10:27.992:0.9 1.582 -0.859 10.112 2.038 0.262 -2.858 -2.452 5.164 -1.765
1 2 3 4 5 6 7 8 9 10:8.815:0.14 -0.683 -1.63 0.971 1.484 -1.301 0.721 -1.131 -0.142 -0.612
1 2 3 4 5 6 7 8 9 10:20.097:-2.933 -1.424 -0.752 -2.755 2.587 -3.421 0.63 -0.204 -5.186 -0.205
1 2 3 4 5 6 7 8 9 10:11.853:-0.629 -0.869 0.382 -0.764 -1.042 -0.658 -1.783 -0.941 -3.436 -1.349
1 2 3 4 5 6 7 8 9 10:19.361:-2.719 -0.667 -1.614 -2.039 -7.202 -0.337 -0.638 -1.549 0.694 -1.902
1 2 3 4 5 6 7 8 9 10:10.731:0.661 0.112 0.293 2.451 -0.597 1.667 -2.064 0.818 -1.046 -1.022
1 2 3 4 5 6 7 8 9 10:6.612:0.996 -0.584 -0.709 0.587 -0.42 -1.029 -0.445 -1.457 -0.09 -0.295
1 2 3 4 5 6 7 8 9 10:10.572:-0.514 1.711 0.188 -1.077 1.628 0.583 2.178 1.784 0.721 0.188
1 2 3 4 5 6 7 8 9 10:13.753:-3.238 -1.842 -0.113 2.359 -0.178 -1.335 -2.258 1.463 -0.228 -0.739
1 2 3 4 5 6 7 8 9 10:14.518:-0.785 -1.514 -0.977 0.266 0 -2.407 0.129 -5.163 -2.709 -0.568
1 2 3 4 5 6 7 8 9 10:14.369:0.297 0.749 0.708 4.332 2.319 0.585 0.354 1.003 -2.675 -1.347
1 2 3 4 5 6 7 8 9 10:7.014:-1.753 -1.828 -0.044 -0.763 0.232 -0.655 0.221 0.096 -0.595 -0.827
1 2 3 4 5 6 7 8 9 10:26.481:2.654 -2.286 -0.559 -5.679 -5.391 -1.825 -1.582 -3.412 -1.257 -1.836
1 2 3 4 5 6 7 8 9 10:15.553:-1.521 -0.683 -0.606 -1.766 -3.738 -1.089 -2.114 -0.408 -1.659 -1.969
1 2 3 4 5 6 7 8 9 10:45.476:3.949 -5.518 -1.983 -8.94 -5.538 -4.327 -3.363 -2.228 -4.731 -4.899
1 2 3 4 5 6 7 8 9 10:31.338:0.223 3.852 2.781 5.314 5.121 1.977 1.115 3.605 4.113 3.237
1 2 3 4 5 6 7 8 9 10:17.471:-0.371 0.135 0.826 4.853 2.885 1.537 4.325 -0.733 0.54 -1.266
1 2 3 4 5 6 7 8 9 10:5.707:-0.117 0.242 -0.538 0.321 0.187 0.343 0.123 -1.301 -1.611 -0.924
1 2 3 4 5 6 7 8 9 10:6.203:0.16 0.349 -1.233 -1.233 0.187 0.053 0.539 1.083 0.764 0.602
1 2 3 4 5 6 7 8 9 10:16.116:-1.2 0.415 1.318 -0.139 0.683 2.208 2.338 2.442 4.027 -1.346
